35
0000000000000000000000000000000000000000000000000000000000000000000000000000000000000000000000000000000000000000000000000000000000000000000000000000000000000000000000000000000000000000000000000000000000000000000000000000000000000000000000000000000000000000000000000000000000000000000000000000000000000000000000000000000000000000000000000000000000000000000000000000000000000000000000000000000000000000000000000000000000000000000000000000000000000000000000000000000000000000000000000000000000000000000000000000000000000000000000000000000000000000000000000000000000000000000000000000000000000000000
1111111111111111111111111111111111000000000000000000000000000000000000000000000000000000000000000000000000000000000000000000000000000000000000000000000000000000000000000000000000000000000000000000000000000000000000000000000000000000000000000000000000000000000000000000000000000000000000000000000000000000000000000000000000000000000000000000000000000000000000000000000000000000000000000000000000000000000000000000000000000000000000000000000000000000000000000000000000000000000000000000000000000000000000000000000000000000000000000000000000000000000000000000000000000000000000000000000000000000000
1111111111111111111111111111111111111111111111111111111111111111111000000000000000000000000000000000000000000000000000000000000000000000000000000000000000000000000000000000000000000000000000000000000000000000000000000000000000000000000000000000000000000000000000000000000000000000000000000000000000000000000000000000000000000000000000000000000000000000000000000000000000000000000000000000000000000000000000000000000000000000000000000000000000000000000000000000000000000000000000000000000000000000000000000000000000000000000000000000000000000000000000000000000000000000000000000000000000000000000
1111111111111111111111111111111111111111111111111111111111111111111111111111111111111111111111111110000000000000000000000000000000000000000000000000000000000000000000000000000000000000000000000000000000000000000000000000000000000000000000000000000000000000000000000000000000000000000000000000000000000000000000000000000000000000000000000000000000000000000000000000000000000000000000000000000000000000000000000000000000000000000000000000000000000000000000000000000000000000000000000000000000000000000000000000000000000000000000000000000000000000000000000000000000000000000000000000000000000000000
1111111111111111111111111111111111111111111111111111111111111111111111111111111111111111111111111111111111111111111111111111111111000000000000000000000000000000000000000000000000000000000000000000000000000000000000000000000000000000000000000000000000000000000000000000000000000000000000000000000000000000000000000000000000000000000000000000000000000000000000000000000000000000000000000000000000000000000000000000000000000000000000000000000000000000000000000000000000000000000000000000000000000000000000000000000000000000000000000000000000000000000000000000000000000000000000000000000000000000000
1111111111111111111111111111111111111111111111111111111111111111111111111111111111111111111111111111111111111111111111111111111111111111111111111111111111111111000000000000000000000000000000000000000000000000000000000000000000000000000000000000000000000000000000000000000000000000000000000000000000000000000000000000000000000000000000000000000000000000000000000000000000000000000000000000000000000000000000000000000000000000000000000000000000000000000000000000000000000000000000000000000000000000000000000000000000000000000000000000000000000000000000000000000000000000000000000000000000000000000
1111111111111111111111111111111111111111111111111111111111111111111111111111111111111111111111111111111111111111111111111111111111111111111111111111111111111111111111111111111111111111111110000000000000000000000000000000000000000000000000000000000000000000000000000000000000000000000000000000000000000000000000000000000000000000000000000000000000000000000000000000000000000000000000000000000000000000000000000000000000000000000000000000000000000000000000000000000000000000000000000000000000000000000000000000000000000000000000000000000000000000000000000000000000000000000000000000000000000000000
1111111111111111111111111111111111111111111111111111111111111111111111111111111111111111111111111111111111111111111111111111111111111111111111111111111111111111111111111111111111111111111111111111111111111111111111111000000000000000000000000000000000000000000000000000000000000000000000000000000000000000000000000000000000000000000000000000000000000000000000000000000000000000000000000000000000000000000000000000000000000000000000000000000000000000000000000000000000000000000000000000000000000000000000000000000000000000000000000000000000000000000000000000000000000000000000000000000000000000000
1111111111111111111111111111111111111111111111111111111111111111111111111111111111111111111111111111111111111111111111111111111111111111111111111111111111111111111111111111111111111111111111111111111111111111111111111111111111111111111111111111000000000000000000000000000000000000000000000000000000000000000000000000000000000000000000000000000000000000000000000000000000000000000000000000000000000000000000000000000000000000000000000000000000000000000000000000000000000000000000000000000000000000000000000000000000000000000000000000000000000000000000000000000000000000000000000000000000000000000
1111111111111111111111111111111111111111111111111111111111111111111111111111111111111111111111111111111111111111111111111111111111111111111111111111111111111111111111111111111111111111111111111111111111111111111111111111111111111111111111111111111111111111111111111111110000000000000000000000000000000000000000000000000000000000000000000000000000000000000000000000000000000000000000000000000000000000000000000000000000000000000000000000000000000000000000000000000000000000000000000000000000000000000000000000000000000000000000000000000000000000000000000000000000000000000000000000000000000000000
1111111111111111111111111111111111111111111111111111111111111111111111111111111111111111111111111111111111111111111111111111111111111111111111111111111111111111111111111111111111111111111111111111111111111111111111111111111111111111111111111111111111111111111111111111111111111111111111111111111000000000000000000000000000000000000000000000000000000000000000000000000000000000000000000000000000000000000000000000000000000000000000000000000000000000000000000000000000000000000000000000000000000000000000000000000000000000000000000000000000000000000000000000000000000000000000000000000000000000000
1111111111111111111111111111111111111111111111111111111111111111111111111111111111111111111111111111111111111111111111111111111111111111111111111111111111111111111111111111111111111111111111111111111111111111111111111111111111111111111111111111111111111111111111111111111111111111111111111111111111111111111111111111111000000000000000000000000000000000000000000000000000000000000000000000000000000000000000000000000000000000000000000000000000000000000000000000000000000000000000000000000000000000000000000000000000000000000000000000000000000000000000000000000000000000000000000000000000000000000
1111111111111111111111111111111111111111111111111111111111111111111111111111111111111111111111111111111111111111111111111111111111111111111111111111111111111111111111111111111111111111111111111111111111111111111111111111111111111111111111111111111111111111111111111111111111111111111111111111111111111111111111111111111111111111111111111111110000000000000000000000000000000000000000000000000000000000000000000000000000000000000000000000000000000000000000000000000000000000000000000000000000000000000000000000000000000000000000000000000000000000000000000000000000000000000000000000000000000000000
1111111111111111111111111111111111111111111111111111111111111111111111111111111111111111111111111111111111111111111111111111111111111111111111111111111111111111111111111111111111111111111111111111111111111111111111111111111111111111111111111111111111111111111111111111111111111111111111111111111111111111111111111111111111111111111111111111111111111111111111111111000000000000000000000000000000000000000000000000000000000000000000000000000000000000000000000000000000000000000000000000000000000000000000000000000000000000000000000000000000000000000000000000000000000000000000000000000000000000000
1111111111111111111111111111111111111111111111111111111111111111111111111111111111111111111111111111111111111111111111111111111111111111111111111111111111111111111111111111111111111111111111111111111111111111111111111111111111111111111111111111111111111111111111111111111111111111111111111111111111111111111111111111111111111111111111111111111111111111111111111111111111111111111111111000000000000000000000000000000000000000000000000000000000000000000000000000000000000000000000000000000000000000000000000000000000000000000000000000000000000000000000000000000000000000000000000000000000000000000
1111111111111111111111111111111111111111111111111111111111111111111111111111111111111111111111111111111111111111111111111111111111111111111111111111111111111111111111111111111111111111111111111111111111111111111111111111111111111111111111111111111111111111111111111111111111111111111111111111111111111111111111111111111111111111111111111111111111111111111111111111111111111111111111111111111111111111111110000000000000000000000000000000000000000000000000000000000000000000000000000000000000000000000000000000000000000000000000000000000000000000000000000000000000000000000000000000000000000000000
1111111111111111111111111111111111111111111111111111111111111111111111111111111111111111111111111111111111111111111111111111111111111111111111111111111111111111111111111111111111111111111111111111111111111111111111111111111111111111111111111111111111111111111111111111111111111111111111111111111111111111111111111111111111111111111111111111111111111111111111111111111111111111111111111111111111111111111111111111111111111111000000000000000000000000000000000000000000000000000000000000000000000000000000000000000000000000000000000000000000000000000000000000000000000000000000000000000000000000000
1111111111111111000000000000000000111111111111111000000000000000000111111111111110000000000000000001111111111111000000000000000000111111111111000000000000000000111111111110000000000000000001111111111000000000000000000111111111000000000000000000111111110000000000000000001111111000000000000000000111111000000000000000000111110000000000000000001111000000000000000000111000000000000000000110000000000000000001000000000000000000000000000000000000000000000000000000000000000000000000000000000000000000000000000000000000000000000000000000000000000000000000000000000000000000000000000000000000000000000
1111111111111111100000000000000000111111111111111100000000000000000111111111111111000000000000000001111111111111100000000000000000111111111111100000000000000000111111111111000000000000000001111111111100000000000000000111111111100000000000000000111111111000000000000000001111111100000000000000000111111100000000000000000111111000000000000000001111100000000000000000111100000000000000000111000000000000000001100000000000000000100000000000000000000000000000000000000000000000000000000000000000000000000000000000000000000000000000000000000000000000000000000000000000000000000000000000000000000000000
1111111111111111110000000000000000111111111111111110000000000000000111111111111111100000000000000001111111111111110000000000000000111111111111110000000000000000111111111111100000000000000001111111111110000000000000000111111111110000000000000000111111111100000000000000001111111110000000000000000111111110000000000000000111111100000000000000001111110000000000000000111110000000000000000111100000000000000001110000000000000000110000000000000000100000000000000000000000000000000000000000000000000000000000000000000000000000000000000000000000000000000000000000000000000000000000000000000000000000000
1111111111111111111000000000000000111111111111111111000000000000000111111111111111110000000000000001111111111111111000000000000000111111111111111000000000000000111111111111110000000000000001111111111111000000000000000111111111111000000000000000111111111110000000000000001111111111000000000000000111111111000000000000000111111110000000000000001111111000000000000000111111000000000000000111110000000000000001111000000000000000111000000000000000110000000000000001000000000000000000000000000000000000000000000000000000000000000000000000000000000000000000000000000000000000000000000000000000000000000
1111111111111111111100000000000000111111111111111111100000000000000111111111111111111000000000000001111111111111111100000000000000111111111111111100000000000000111111111111111000000000000001111111111111100000000000000111111111111100000000000000111111111111000000000000001111111111100000000000000111111111100000000000000111111111000000000000001111111100000000000000111111100000000000000111111000000000000001111100000000000000111100000000000000111000000000000001100000000000000100000000000000000000000000000000000000000000000000000000000000000000000000000000000000000000000000000000000000000000000
1111111111111111111110000000000000111111111111111111110000000000000111111111111111111100000000000001111111111111111110000000000000111111111111111110000000000000111111111111111100000000000001111111111111110000000000000111111111111110000000000000111111111111100000000000001111111111110000000000000111111111110000000000000111111111100000000000001111111110000000000000111111110000000000000111111100000000000001111110000000000000111110000000000000111100000000000001110000000000000110000000000000100000000000000000000000000000000000000000000000000000000000000000000000000000000000000000000000000000000
1111111111111111111111000000000000111111111111111111111000000000000111111111111111111110000000000001111111111111111111000000000000111111111111111111000000000000111111111111111110000000000001111111111111111000000000000111111111111111000000000000111111111111110000000000001111111111111000000000000111111111111000000000000111111111110000000000001111111111000000000000111111111000000000000111111110000000000001111111000000000000111111000000000000111110000000000001111000000000000111000000000000110000000000001000000000000000000000000000000000000000000000000000000000000000000000000000000000000000000
1111111111111111111111100000000000111111111111111111111100000000000111111111111111111111000000000001111111111111111111100000000000111111111111111111100000000000111111111111111111000000000001111111111111111100000000000111111111111111100000000000111111111111111000000000001111111111111100000000000111111111111100000000000111111111111000000000001111111111100000000000111111111100000000000111111111000000000001111111100000000000111111100000000000111111000000000001111100000000000111100000000000111000000000001100000000000100000000000000000000000000000000000000000000000000000000000000000000000000000
1111111111111111111111110000000000111111111111111111111110000000000111111111111111111111100000000001111111111111111111110000000000111111111111111111110000000000111111111111111111100000000001111111111111111110000000000111111111111111110000000000111111111111111100000000001111111111111110000000000111111111111110000000000111111111111100000000001111111111110000000000111111111110000000000111111111100000000001111111110000000000111111110000000000111111100000000001111110000000000111110000000000111100000000001110000000000110000000000100000000000000000000000000000000000000000000000000000000000000000
1111111111111111111111111000000000111111111111111111111111000000000111111111111111111111110000000001111111111111111111111000000000111111111111111111111000000000111111111111111111110000000001111111111111111111000000000111111111111111111000000000111111111111111110000000001111111111111111000000000111111111111111000000000111111111111110000000001111111111111000000000111111111111000000000111111111110000000001111111111000000000111111111000000000111111110000000001111111000000000111111000000000111110000000001111000000000111000000000110000000001000000000000000000000000000000000000000000000000000000
1111111111111111111111111100000000111111111111111111111111100000000111111111111111111111111000000001111111111111111111111100000000111111111111111111111100000000111111111111111111111000000001111111111111111111100000000111111111111111111100000000111111111111111111000000001111111111111111100000000111111111111111100000000111111111111111000000001111111111111100000000111111111111100000000111111111111000000001111111111100000000111111111100000000111111111000000001111111100000000111111100000000111111000000001111100000000111100000000111000000001100000000100000000000000000000000000000000000000000000
1111111111111111111111111110000000111111111111111111111111110000000111111111111111111111111100000001111111111111111111111110000000111111111111111111111110000000111111111111111111111100000001111111111111111111110000000111111111111111111110000000111111111111111111100000001111111111111111110000000111111111111111110000000111111111111111100000001111111111111110000000111111111111110000000111111111111100000001111111111110000000111111111110000000111111111100000001111111110000000111111110000000111111100000001111110000000111110000000111100000001110000000110000000100000000000000000000000000000000000
1111111111111111111111111111000000111111111111111111111111111000000111111111111111111111111110000001111111111111111111111111000000111111111111111111111111000000111111111111111111111110000001111111111111111111111000000111111111111111111111000000111111111111111111110000001111111111111111111000000111111111111111111000000111111111111111110000001111111111111111000000111111111111111000000111111111111110000001111111111111000000111111111111000000111111111110000001111111111000000111111111000000111111110000001111111000000111111000000111110000001111000000111000000110000001000000000000000000000000000
1111111111111111111111111111100000111111111111111111111111111100000111111111111111111111111111000001111111111111111111111111100000111111111111111111111111100000111111111111111111111111000001111111111111111111111100000111111111111111111111100000111111111111111111111000001111111111111111111100000111111111111111111100000111111111111111111000001111111111111111100000111111111111111100000111111111111111000001111111111111100000111111111111100000111111111111000001111111111100000111111111100000111111111000001111111100000111111100000111111000001111100000111100000111000001100000100000000000000000000
1111111111111111111111111111110000111111111111111111111111111110000111111111111111111111111111100001111111111111111111111111110000111111111111111111111111110000111111111111111111111111100001111111111111111111111110000111111111111111111111110000111111111111111111111100001111111111111111111110000111111111111111111110000111111111111111111100001111111111111111110000111111111111111110000111111111111111100001111111111111110000111111111111110000111111111111100001111111111110000111111111110000111111111100001111111110000111111110000111111100001111110000111110000111100001110000110000100000000000000
1111111111111111111111111111111000111111111111111111111111111111000111111111111111111111111111110001111111111111111111111111111000111111111111111111111111111000111111111111111111111111110001111111111111111111111111000111111111111111111111111000111111111111111111111110001111111111111111111111000111111111111111111111000111111111111111111110001111111111111111111000111111111111111111000111111111111111110001111111111111111000111111111111111000111111111111110001111111111111000111111111111000111111111110001111111111000111111111000111111110001111111000111111000111110001111000111000110001000000000
1111111111111111111111111111111100111111111111111111111111111111100111111111111111111111111111111001111111111111111111111111111100111111111111111111111111111100111111111111111111111111111001111111111111111111111111100111111111111111111111111100111111111111111111111111001111111111111111111111100111111111111111111111100111111111111111111111001111111111111111111100111111111111111111100111111111111111111001111111111111111100111111111111111100111111111111111001111111111111100111111111111100111111111111001111111111100111111111100111111111001111111100111111100111111001111100111100111001100100000
1111111111111111111111111111111110111111111111111111111111111111110111111111111111111111111111111101111111111111111111111111111110111111111111111111111111111110111111111111111111111111111101111111111111111111111111110111111111111111111111111110111111111111111111111111101111111111111111111111110111111111111111111111110111111111111111111111101111111111111111111110111111111111111111110111111111111111111101111111111111111110111111111111111110111111111111111101111111111111110111111111111110111111111111101111111111110111111111110111111111101111111110111111110111111101111110111110111101110110100
# [8, 9, 10, 10, 11, 11, 11, 12, 12, 12, 12, 12, 12, 13, 14, 14, 14, 14, 14, 15, 15, 15, 16, 18, 23, 24, 25, 27, 27, 28, 28, 29, 29, 30, 32]
# [11, 11, 11, 11, 11, 11, 11, 11, 11, 11, 11, 11, 11, 11, 11, 11, 11, 11, 11, 11, 11, 11, 11, 11, 34, 34, 34, 34, 34, 34, 34, 34, 34, 34, 34]
11
# [10, 11, 11, 11, 11, 12, 12, 12, 12, 12, 13, 13, 14, 14, 14, 14, 14, 15, 16, 16, 17, 17, 17, 24, 26, 27, 27, 27, 27, 28, 28, 30, 31, 31, 32]
# [12, 12, 12, 12, 12, 12, 12, 12, 12, 12, 12, 12, 12, 12, 12, 12, 12, 12, 12, 12, 12, 12, 12, 34, 34, 34, 34, 34, 34, 34, 34, 34, 34, 34, 34]
12
# [3, 4, 4, 5, 5, 5, 5, 5, 6, 6, 7, 7, 9, 9, 10, 14, 16, 16, 17, 17, 17, 18, 18, 18, 19, 19, 19, 19, 19, 19, 20, 21, 22, 22, 22]
# [0, 0, 0, 0, 0, 0, 0, 0, 0, 0, 0, 0, 0, 0, 0, 19, 19, 19, 19, 19, 19, 19, 19, 19, 19, 19, 19, 19, 19, 19, 19, 19, 19, 19, 19]
20
# [0, 2, 2, 3, 3, 3, 3, 4, 4, 4, 4, 4, 4, 4, 5, 5, 5, 5, 5, 5, 5, 5, 5, 6, 6, 6, 6, 7, 7, 7, 7, 7, 7, 8, 9]
# [0, 0, 0, 0, 0, 0, 0, 0, 0, 0, 0, 0, 0, 0, 0, 0, 0, 0, 0, 0, 0, 0, 0, 0, 0, 0, 0, 0, 0, 0, 0, 0, 0, 0, 0]
0
# [1, 25, 25, 26, 26, 26, 26, 26, 26, 26, 27, 27, 27, 27, 27, 27, 27, 28, 28, 28, 29, 29, 29, 29, 29, 29, 30, 30, 30, 30, 30, 31, 31, 32, 32]
# [0, 33, 33, 33, 33, 33, 33, 33, 33, 33, 33, 33, 33, 33, 33, 33, 33, 33, 33, 33, 33, 33, 33, 33, 33, 33, 33, 33, 33, 33, 33, 33, 33, 33, 33]
34
# [3, 3, 4, 4, 5, 5, 6, 6, 6, 6, 6, 7, 7, 7, 7, 7, 7, 8, 8, 8, 9, 9, 9, 9, 9, 9, 9, 10, 10, 11, 11, 25, 25, 28, 29]
# [4, 4, 4, 4, 4, 4, 4, 4, 4, 4, 4, 4, 4, 4, 4, 4, 4, 4, 4, 4, 4, 4, 4, 4, 4, 4, 4, 4, 4, 4, 4, 34, 34, 34, 34]
4
# [4, 6, 6, 6, 7, 7, 7, 7, 7, 8, 8, 8, 8, 8, 9, 9, 9, 9, 10, 10, 10, 10, 10, 11, 11, 11, 11, 12, 12, 13, 23, 25, 25, 28, 31]
# [5, 5, 5, 5, 5, 5, 5, 5, 5, 5, 5, 5, 5, 5, 5, 5, 5, 5, 5, 5, 5, 5, 5, 5, 5, 5, 5, 5, 5, 5, 34, 34, 34, 34, 34]
5
# [9, 11, 12, 13, 13, 14, 14, 14, 14, 15, 15, 15, 16, 16, 16, 16, 17, 17, 17, 18, 19, 24, 24, 25, 27, 27, 27, 28, 29, 29, 29, 30, 30, 31, 31]
# [14, 14, 14, 14, 14, 14, 14, 14, 14, 14, 14, 14, 14, 14, 14, 14, 14, 14, 14, 14, 14, 34, 34, 34, 34, 34, 34, 34, 34, 34, 34, 34, 34, 34, 34]
14
# [2, 3, 3, 4, 4, 5, 5, 5, 5, 5, 5, 6, 6, 6, 6, 6, 7, 8, 13, 13, 14, 15, 15, 15, 15, 15, 15, 15, 16, 17, 17, 17, 18, 18, 19]
# [0, 0, 0, 0, 0, 0, 0, 0, 0, 0, 0, 0, 0, 0, 0, 0, 0, 0, 16, 16, 16, 16, 16, 16, 16, 16, 16, 16, 16, 16, 16, 16, 16, 16, 16]
17
# [6, 25, 26, 26, 26, 26, 26, 26, 27, 27, 27, 27, 27, 27, 28, 28, 28, 28, 28, 28, 29, 29, 29, 29, 29, 29, 30, 30, 30, 30, 30, 30, 30, 31, 32]
# [0, 33, 33, 33, 33, 33, 33, 33, 33, 33, 33, 33, 33, 33, 33, 33, 33, 33, 33, 33, 33, 33, 33, 33, 33, 33, 33, 33, 33, 33, 33, 33, 33, 33, 33]
34
# [6, 6, 7, 7, 7, 8, 9, 9, 9, 9, 9, 10, 10, 10, 10, 11, 11, 11, 11, 11, 11, 12, 12, 13, 14, 14, 14, 14, 15, 25, 28, 29, 29, 29, 32]
# [6, 6, 6, 6, 6, 6, 6, 6, 6, 6, 6, 6, 6, 6, 6, 6, 6, 6, 6, 6, 6, 6, 6, 6, 6, 6, 6, 6, 6, 34, 34, 34, 34, 34, 34]
6
# [2, 3, 4, 4, 4, 4, 5, 5, 5, 5, 5, 6, 7, 7, 7, 7, 7, 7, 7, 8, 8, 8, 8, 8, 9, 9, 9, 9, 9, 10, 10, 10, 11, 26, 31]
# [2, 2, 2, 2, 2, 2, 2, 2, 2, 2, 2, 2, 2, 2, 2, 2, 2, 2, 2, 2, 2, 2, 2, 2, 2, 2, 2, 2, 2, 2, 2, 2, 2, 34, 34]
2
# [9, 9, 9, 9, 9, 10, 10, 10, 10, 10, 10, 11, 11, 11, 11, 11, 11, 12, 12, 12, 12, 12, 13, 13, 13, 14, 14, 26, 27, 28, 28, 28, 28, 31, 32]
# [8, 8, 8, 8, 8, 8, 8, 8, 8, 8, 8, 8, 8, 8, 8, 8, 8, 8, 8, 8, 8, 8, 8, 8, 8, 8, 8, 34, 34, 34, 34, 34, 34, 34, 34]
8
# [3, 3, 3, 4, 4, 5, 5, 5, 5, 6, 6, 7, 7, 7, 7, 7, 11, 14, 15, 15, 16, 16, 17, 17, 18, 18, 18, 19, 19, 19, 19, 19, 20, 20, 22]
# [0, 0, 0, 0, 0, 0, 0, 0, 0, 0, 0, 0, 0, 0, 0, 0, 0, 17, 17, 17, 17, 17, 17, 17, 17, 17, 17, 17, 17, 17, 17, 17, 17, 17, 17]
18
# [3, 4, 4, 4, 4, 5, 5, 5, 6, 6, 6, 7, 14, 16, 17, 18, 18, 19, 19, 19, 19, 20, 20, 20, 20, 20, 21, 21, 21, 22, 22, 22, 23, 23, 23]
# [0, 0, 0, 0, 0, 0, 0, 0, 0, 0, 0, 0, 22, 22, 22, 22, 22, 22, 22, 22, 22, 22, 22, 22, 22, 22, 22, 22, 22, 22, 22, 22, 22, 22, 22]
23
# [2, 3, 5, 5, 5, 6, 6, 6, 6, 6, 18, 19, 19, 19, 20, 20, 20, 21, 21, 21, 21, 21, 22, 22, 22, 22, 22, 22, 22, 23, 23, 23, 23, 23, 25]
# [0, 0, 0, 0, 0, 0, 0, 0, 0, 0, 24, 24, 24, 24, 24, 24, 24, 24, 24, 24, 24, 24, 24, 24, 24, 24, 24, 24, 24, 24, 24, 24, 24, 24, 24]
25
# [1, 1, 3, 4, 4, 5, 5, 5, 5, 6, 6, 6, 8, 9, 9, 14, 15, 16, 17, 17, 17, 17, 17, 18, 18, 18, 18, 18, 18, 18, 18, 19, 20, 21, 21]
# [0, 0, 0, 0, 0, 0, 0, 0, 0, 0, 0, 0, 0, 0, 0, 19, 19, 19, 19, 19, 19, 19, 19, 19, 19, 19, 19, 19, 19, 19, 19, 19, 19, 19, 19]
20
# [2, 3, 4, 4, 4, 5, 5, 5, 5, 5, 5, 5, 5, 5, 6, 6, 6, 6, 6, 7, 7, 7, 7, 7, 8, 8, 8, 8, 9, 10, 10, 10, 11, 27, 32]
# [2, 2, 2, 2, 2, 2, 2, 2, 2, 2, 2, 2, 2, 2, 2, 2, 2, 2, 2, 2, 2, 2, 2, 2, 2, 2, 2, 2, 2, 2, 2, 2, 2, 34, 34]
2
# [4, 5, 5, 5, 5, 6, 6, 6, 6, 6, 6, 7, 7, 7, 7, 7, 7, 7, 8, 8, 8, 8, 9, 9, 10, 11, 11, 11, 12, 12, 12, 24, 26, 27, 27]
# [4, 4, 4, 4, 4, 4, 4, 4, 4, 4, 4, 4, 4, 4, 4, 4, 4, 4, 4, 4, 4, 4, 4, 4, 4, 4, 4, 4, 4, 4, 4, 34, 34, 34, 34]
4
# [5, 5, 6, 6, 6, 6, 7, 7, 8, 8, 8, 8, 8, 9, 9, 9, 9, 10, 10, 10, 11, 11, 11, 11, 11, 11, 12, 12, 12, 13, 25, 26, 26, 27, 27]
# [5, 5, 5, 5, 5, 5, 5, 5, 5, 5, 5, 5, 5, 5, 5, 5, 5, 5, 5, 5, 5, 5, 5, 5, 5, 5, 5, 5, 5, 5, 34, 34, 34, 34, 34]
5
# [6, 6, 6, 6, 6, 7, 7, 7, 8, 8, 8, 8, 8, 8, 9, 9, 9, 9, 9, 10, 10, 11, 11, 11, 12, 12, 12, 13, 13, 13, 27, 28, 30, 30, 31]
# [5, 5, 5, 5, 5, 5, 5, 5, 5, 5, 5, 5, 5, 5, 5, 5, 5, 5, 5, 5, 5, 5, 5, 5, 5, 5, 5, 5, 5, 5, 34, 34, 34, 34, 34]
5
# [3, 4, 4, 5, 5, 5, 5, 5, 5, 5, 5, 6, 6, 8, 17, 17, 18, 18, 18, 18, 18, 19, 19, 19, 20, 21, 21, 21, 21, 21, 21, 22, 22, 23, 23]
# [0, 0, 0, 0, 0, 0, 0, 0, 0, 0, 0, 0, 0, 0, 20, 20, 20, 20, 20, 20, 20, 20, 20, 20, 20, 20, 20, 20, 20, 20, 20, 20, 20, 20, 20]
21
# [2, 4, 5, 9, 9, 10, 20, 20, 21, 21, 22, 22, 22, 22, 23, 23, 23, 24, 24, 24, 25, 25, 25, 25, 25, 26, 26, 26, 26, 26, 27, 27, 27, 28, 28]
# [0, 0, 0, 0, 0, 0, 28, 28, 28, 28, 28, 28, 28, 28, 28, 28, 28, 28, 28, 28, 28, 28, 28, 28, 28, 28, 28, 28, 28, 28, 28, 28, 28, 28, 28]
29
# [3, 4, 5, 6, 8, 8, 9, 10, 10, 18, 18, 19, 20, 20, 20, 20, 20, 21, 21, 21, 21, 21, 22, 22, 22, 23, 24, 24, 24, 25, 25, 25, 25, 26, 26]
# [0, 0, 0, 0, 0, 0, 0, 0, 0, 25, 25, 25, 25, 25, 25, 25, 25, 25, 25, 25, 25, 25, 25, 25, 25, 25, 25, 25, 25, 25, 25, 25, 25, 25, 25]
26
# [11, 12, 13, 13, 13, 14, 15, 15, 16, 16, 16, 16, 17, 18, 18, 18, 18, 18, 20, 24, 24, 26, 27, 27, 27, 27, 28, 28, 28, 28, 29, 30, 30, 30, 32]
# [16, 16, 16, 16, 16, 16, 16, 16, 16, 16, 16, 16, 16, 16, 16, 16, 16, 16, 16, 34, 34, 34, 34, 34, 34, 34, 34, 34, 34, 34, 34, 34, 34, 34, 34]
16
# [3, 4, 4, 6, 20, 23, 23, 24, 24, 24, 24, 25, 25, 25, 26, 26, 26, 26, 26, 26, 26, 26, 27, 27, 27, 27, 28, 28, 28, 28, 28, 28, 28, 29, 31]
# [0, 0, 0, 0, 30, 30, 30, 30, 30, 30, 30, 30, 30, 30, 30, 30, 30, 30, 30, 30, 30, 30, 30, 30, 30, 30, 30, 30, 30, 30, 30, 30, 30, 30, 30]
31
# [10, 11, 12, 12, 12, 12, 13, 13, 13, 13, 13, 14, 14, 14, 15, 15, 15, 16, 16, 17, 17, 19, 24, 24, 26, 27, 27, 28, 29, 29, 29, 29, 30, 31, 31]
# [13, 13, 13, 13, 13, 13, 13, 13, 13, 13, 13, 13, 13, 13, 13, 13, 13, 13, 13, 13, 13, 13, 34, 34, 34, 34, 34, 34, 34, 34, 34, 34, 34, 34, 34]
13
# [2, 4, 8, 23, 23, 23, 24, 24, 24, 25, 25, 26, 26, 26, 26, 27, 27, 27, 27, 27, 27, 27, 27, 27, 27, 28, 28, 28, 28, 28, 28, 29, 30, 30, 32]
# [0, 0, 0, 31, 31, 31, 31, 31, 31, 31, 31, 31, 31, 31, 31, 31, 31, 31, 31, 31, 31, 31, 31, 31, 31, 31, 31, 31, 31, 31, 31, 31, 31, 31, 31]
32
# [2, 3, 4, 4, 6, 19, 20, 21, 22, 22, 23, 23, 23, 24, 24, 24, 25, 25, 25, 25, 25, 26, 26, 26, 26, 26, 26, 27, 27, 27, 27, 27, 28, 28, 28]
# [0, 0, 0, 0, 0, 29, 29, 29, 29, 29, 29, 29, 29, 29, 29, 29, 29, 29, 29, 29, 29, 29, 29, 29, 29, 29, 29, 29, 29, 29, 29, 29, 29, 29, 29]
30
# [10, 11, 11, 12, 12, 12, 12, 12, 12, 13, 13, 14, 14, 14, 14, 14, 14, 15, 15, 16, 17, 17, 17, 18, 26, 27, 28, 28, 28, 28, 29, 29, 30, 30, 32]
# [11, 11, 11, 11, 11, 11, 11, 11, 11, 11, 11, 11, 11, 11, 11, 11, 11, 11, 11, 11, 11, 11, 11, 11, 34, 34, 34, 34, 34, 34, 34, 34, 34, 34, 34]
11
# [1, 4, 5, 5, 5, 6, 6, 6, 7, 8, 9, 17, 19, 19, 19, 20, 20, 20, 21, 21, 21, 21, 21, 21, 21, 22, 22, 22, 23, 23, 23, 23, 24, 25, 26]
# [0, 0, 0, 0, 0, 0, 0, 0, 0, 0, 0, 23, 23, 23, 23, 23, 23, 23, 23, 23, 23, 23, 23, 23, 23, 23, 23, 23, 23, 23, 23, 23, 23, 23, 23]
24
# [10, 10, 11, 11, 11, 11, 11, 12, 12, 12, 12, 12, 12, 12, 13, 13, 13, 13, 13, 13, 14, 14, 14, 14, 18, 25, 27, 28, 28, 29, 30, 31, 31, 31, 31]
# [10, 10, 10, 10, 10, 10, 10, 10, 10, 10, 10, 10, 10, 10, 10, 10, 10, 10, 10, 10, 10, 10, 10, 10, 10, 34, 34, 34, 34, 34, 34, 34, 34, 34, 34]
10
# [8, 9, 9, 10, 10, 10, 11, 11, 11, 12, 12, 12, 13, 13, 13, 14, 14, 14, 14, 15, 15, 15, 16, 17, 19, 25, 27, 27, 28, 28, 28, 29, 30, 30, 31]
# [10, 10, 10, 10, 10, 10, 10, 10, 10, 10, 10, 10, 10, 10, 10, 10, 10, 10, 10, 10, 10, 10, 10, 10, 10, 34, 34, 34, 34, 34, 34, 34, 34, 34, 34]
10
# [2, 3, 3, 4, 4, 5, 5, 5, 5, 8, 18, 18, 19, 19, 19, 20, 20, 20, 20, 21, 21, 21, 21, 22, 22, 22, 23, 23, 23, 23, 23, 23, 23, 24, 24]
# [0, 0, 0, 0, 0, 0, 0, 0, 0, 0, 24, 24, 24, 24, 24, 24, 24, 24, 24, 24, 24, 24, 24, 24, 24, 24, 24, 24, 24, 24, 24, 24, 24, 24, 24]
25
# [2, 2, 3, 4, 4, 4, 5, 5, 5, 5, 5, 6, 6, 6, 6, 8, 13, 13, 14, 15, 15, 15, 15, 15, 16, 16, 16, 16, 17, 18, 18, 18, 19, 19, 20]
# [0, 0, 0, 0, 0, 0, 0, 0, 0, 0, 0, 0, 0, 0, 0, 0, 18, 18, 18, 18, 18, 18, 18, 18, 18, 18, 18, 18, 18, 18, 18, 18, 18, 18, 18]
19
# [2, 3, 21, 24, 24, 24, 24, 26, 26, 26, 26, 26, 26, 26, 26, 27, 27, 27, 27, 27, 27, 27, 27, 27, 27, 27, 28, 28, 29, 29, 29, 30, 30, 30, 32]
# [0, 0, 32, 32, 32, 32, 32, 32, 32, 32, 32, 32, 32, 32, 32, 32, 32, 32, 32, 32, 32, 32, 32, 32, 32, 32, 32, 32, 32, 32, 32, 32, 32, 32, 32]
33
# [4, 4, 5, 5, 5, 6, 6, 6, 6, 7, 7, 7, 7, 7, 7, 8, 8, 8, 8, 8, 9, 9, 9, 9, 9, 9, 9, 9, 9, 11, 11, 11, 12, 24, 29]
# [2, 2, 2, 2, 2, 2, 2, 2, 2, 2, 2, 2, 2, 2, 2, 2, 2, 2, 2, 2, 2, 2, 2, 2, 2, 2, 2, 2, 2, 2, 2, 2, 2, 34, 34]
2
# [1, 3, 4, 5, 5, 6, 6, 7, 8, 9, 18, 19, 20, 20, 21, 21, 21, 21, 21, 22, 22, 22, 22, 22, 22, 22, 22, 22, 23, 23, 24, 24, 24, 25, 25]
# [0, 0, 0, 0, 0, 0, 0, 0, 0, 0, 24, 24, 24, 24, 24, 24, 24, 24, 24, 24, 24, 24, 24, 24, 24, 24, 24, 24, 24, 24, 24, 24, 24, 24, 24]
25
# [6, 6, 7, 7, 7, 8, 9, 9, 9, 9, 9, 10, 10, 10, 11, 11, 11, 11, 11, 11, 12, 12, 12, 12, 12, 13, 13, 17, 20, 24, 26, 26, 27, 30, 32]
# [7, 7, 7, 7, 7, 7, 7, 7, 7, 7, 7, 7, 7, 7, 7, 7, 7, 7, 7, 7, 7, 7, 7, 7, 7, 7, 7, 7, 34, 34, 34, 34, 34, 34, 34]
7
# [1, 1, 2, 2, 3, 4, 4, 4, 4, 5, 5, 5, 5, 6, 7, 8, 8, 13, 13, 14, 14, 15, 16, 16, 17, 17, 17, 18, 18, 18, 18, 18, 19, 19, 20]
# [0, 0, 0, 0, 0, 0, 0, 0, 0, 0, 0, 0, 0, 0, 0, 0, 0, 17, 17, 17, 17, 17, 17, 17, 17, 17, 17, 17, 17, 17, 17, 17, 17, 17, 17]
18
# [3, 3, 7, 7, 8, 20, 21, 22, 23, 23, 23, 23, 23, 24, 24, 24, 24, 24, 25, 25, 25, 25, 25, 26, 26, 26, 27, 27, 27, 27, 28, 28, 29, 29, 29]
# [0, 0, 0, 0, 0, 29, 29, 29, 29, 29, 29, 29, 29, 29, 29, 29, 29, 29, 29, 29, 29, 29, 29, 29, 29, 29, 29, 29, 29, 29, 29, 29, 29, 29, 29]
30
# [3, 3, 4, 4, 5, 5, 5, 5, 6, 6, 6, 7, 7, 9, 11, 14, 15, 15, 17, 17, 17, 18, 18, 18, 18, 18, 18, 19, 19, 19, 20, 20, 20, 21, 23]
# [0, 0, 0, 0, 0, 0, 0, 0, 0, 0, 0, 0, 0, 0, 0, 19, 19, 19, 19, 19, 19, 19, 19, 19, 19, 19, 19, 19, 19, 19, 19, 19, 19, 19, 19]
20
# [5, 24, 25, 25, 26, 26, 26, 26, 26, 26, 27, 27, 27, 27, 27, 27, 27, 27, 27, 27, 28, 28, 28, 29, 29, 29, 30, 30, 30, 30, 30, 30, 30, 31, 33]
# [0, 33, 33, 33, 33, 33, 33, 33, 33, 33, 33, 33, 33, 33, 33, 33, 33, 33, 33, 33, 33, 33, 33, 33, 33, 33, 33, 33, 33, 33, 33, 33, 33, 33, 33]
34
# [5, 6, 7, 9, 9, 9, 10, 10, 10, 10, 10, 10, 10, 11, 11, 11, 11, 11, 11, 12, 12, 13, 13, 13, 14, 14, 14, 27, 28, 28, 29, 29, 29, 30, 30]
# [8, 8, 8, 8, 8, 8, 8, 8, 8, 8, 8, 8, 8, 8, 8, 8, 8, 8, 8, 8, 8, 8, 8, 8, 8, 8, 8, 34, 34, 34, 34, 34, 34, 34, 34]
8
# [3, 3, 4, 5, 6, 20, 21, 22, 22, 22, 22, 22, 23, 23, 23, 23, 23, 23, 24, 24, 24, 24, 24, 24, 25, 25, 25, 25, 25, 25, 26, 26, 27, 27, 28]
# [0, 0, 0, 0, 0, 29, 29, 29, 29, 29, 29, 29, 29, 29, 29, 29, 29, 29, 29, 29, 29, 29, 29, 29, 29, 29, 29, 29, 29, 29, 29, 29, 29, 29, 29]
30
# [11, 11, 11, 13, 13, 13, 13, 14, 14, 14, 14, 15, 15, 15, 15, 15, 15, 16, 16, 16, 17, 17, 17, 25, 26, 26, 26, 27, 27, 27, 28, 29, 29, 29, 29]
# [12, 12, 12, 12, 12, 12, 12, 12, 12, 12, 12, 12, 12, 12, 12, 12, 12, 12, 12, 12, 12, 12, 12, 34, 34, 34, 34, 34, 34, 34, 34, 34, 34, 34, 34]
12
# [11, 11, 11, 11, 11, 11, 12, 12, 13, 13, 13, 13, 13, 14, 14, 14, 14, 14, 16, 16, 16, 16, 17, 18, 26, 26, 27, 27, 27, 28, 29, 30, 30, 30, 30]
# [11, 11, 11, 11, 11, 11, 11, 11, 11, 11, 11, 11, 11, 11, 11, 11, 11, 11, 11, 11, 11, 11, 11, 11, 34, 34, 34, 34, 34, 34, 34, 34, 34, 34, 34]
11
# [7, 8, 9, 9, 9, 10, 10, 10, 11, 11, 11, 11, 11, 12, 12, 12, 12, 12, 12, 12, 12, 12, 13, 14, 14, 14, 26, 26, 27, 28, 29, 30, 31, 31, 32]
# [9, 9, 9, 9, 9, 9, 9, 9, 9, 9, 9, 9, 9, 9, 9, 9, 9, 9, 9, 9, 9, 9, 9, 9, 9, 9, 34, 34, 34, 34, 34, 34, 34, 34, 34]
9
# [4, 22, 24, 25, 26, 26, 26, 26, 26, 26, 26, 26, 27, 27, 27, 27, 27, 28, 28, 28, 28, 28, 28, 28, 29, 29, 29, 29, 30, 30, 30, 31, 31, 32, 32]
# [0, 33, 33, 33, 33, 33, 33, 33, 33, 33, 33, 33, 33, 33, 33, 33, 33, 33, 33, 33, 33, 33, 33, 33, 33, 33, 33, 33, 33, 33, 33, 33, 33, 33, 33]
34
# [6, 6, 6, 7, 7, 7, 8, 8, 8, 8, 8, 9, 9, 9, 9, 9, 9, 9, 9, 10, 10, 10, 10, 11, 11, 11, 12, 12, 14, 14, 28, 29, 29, 29, 31]
# [5, 5, 5, 5, 5, 5, 5, 5, 5, 5, 5, 5, 5, 5, 5, 5, 5, 5, 5, 5, 5, 5, 5, 5, 5, 5, 5, 5, 5, 5, 34, 34, 34, 34, 34]
5
# [9, 10, 11, 11, 11, 11, 12, 12, 13, 13, 13, 13, 14, 14, 14, 15, 15, 15, 16, 17, 17, 18, 26, 26, 27, 27, 27, 28, 29, 29, 29, 29, 30, 30, 33]
# [13, 13, 13, 13, 13, 13, 13, 13, 13, 13, 13, 13, 13, 13, 13, 13, 13, 13, 13, 13, 13, 13, 34, 34, 34, 34, 34, 34, 34, 34, 34, 34, 34, 34, 34]
13
# [2, 3, 4, 5, 5, 5, 5, 6, 6, 7, 7, 7, 7, 8, 8, 8, 11, 12, 16, 16, 16, 17, 18, 18, 19, 19, 19, 19, 19, 19, 19, 20, 20, 20, 20]
# [0, 0, 0, 0, 0, 0, 0, 0, 0, 0, 0, 0, 0, 0, 0, 0, 0, 0, 16, 16, 16, 16, 16, 16, 16, 16, 16, 16, 16, 16, 16, 16, 16, 16, 16]
17
# [9, 11, 11, 11, 11, 11, 12, 12, 12, 13, 13, 13, 13, 13, 14, 14, 14, 15, 15, 15, 15, 17, 17, 25, 26, 26, 26, 27, 29, 29, 29, 29, 30, 30, 31]
# [12, 12, 12, 12, 12, 12, 12, 12, 12, 12, 12, 12, 12, 12, 12, 12, 12, 12, 12, 12, 12, 12, 12, 34, 34, 34, 34, 34, 34, 34, 34, 34, 34, 34, 34]
12
# [2, 4, 5, 6, 6, 8, 9, 10, 19, 20, 21, 21, 21, 21, 21, 21, 22, 22, 22, 22, 23, 23, 23, 23, 23, 23, 24, 24, 24, 25, 25, 25, 25, 26, 27]
# [0, 0, 0, 0, 0, 0, 0, 0, 26, 26, 26, 26, 26, 26, 26, 26, 26, 26, 26, 26, 26, 26, 26, 26, 26, 26, 26, 26, 26, 26, 26, 26, 26, 26, 26]
27
# [8, 11, 12, 12, 12, 13, 13, 14, 14, 14, 15, 15, 15, 15, 15, 15, 15, 16, 16, 16, 16, 16, 25, 27, 28, 28, 29, 30, 30, 30, 31, 31, 31, 32, 32]
# [13, 13, 13, 13, 13, 13, 13, 13, 13, 13, 13, 13, 13, 13, 13, 13, 13, 13, 13, 13, 13, 13, 34, 34, 34, 34, 34, 34, 34, 34, 34, 34, 34, 34, 34]
13
# [6, 7, 8, 8, 9, 9, 9, 9, 9, 9, 9, 9, 10, 10, 10, 10, 11, 11, 11, 11, 11, 11, 11, 12, 12, 12, 12, 12, 12, 26, 27, 28, 28, 30, 31]
# [6, 6, 6, 6, 6, 6, 6, 6, 6, 6, 6, 6, 6, 6, 6, 6, 6, 6, 6, 6, 6, 6, 6, 6, 6, 6, 6, 6, 6, 34, 34, 34, 34, 34, 34]
6
# [10, 10, 12, 12, 12, 12, 13, 13, 13, 13, 13, 13, 14, 14, 14, 14, 15, 15, 15, 15, 16, 17, 17, 24, 26, 26, 26, 27, 27, 28, 28, 30, 30, 31, 33]
# [12, 12, 12, 12, 12, 12, 12, 12, 12, 12, 12, 12, 12, 12, 12, 12, 12, 12, 12, 12, 12, 12, 12, 34, 34, 34, 34, 34, 34, 34, 34, 34, 34, 34, 34]
12
# [1, 2, 2, 2, 3, 3, 3, 3, 3, 4, 4, 4, 4, 4, 5, 5, 5, 5, 5, 5, 6, 6, 6, 6, 6, 6, 6, 6, 7, 7, 7, 7, 7, 8, 9]
# [0, 0, 0, 0, 0, 0, 0, 0, 0, 0, 0, 0, 0, 0, 0, 0, 0, 0, 0, 0, 0, 0, 0, 0, 0, 0, 0, 0, 0, 0, 0, 0, 0, 0, 0]
0
# [5, 5, 5, 6, 6, 6, 6, 19, 20, 20, 20, 21, 21, 21, 21, 22, 22, 22, 23, 23, 23, 23, 23, 24, 24, 24, 25, 25, 25, 25, 25, 26, 26, 26, 26]
# [0, 0, 0, 0, 0, 0, 0, 27, 27, 27, 27, 27, 27, 27, 27, 27, 27, 27, 27, 27, 27, 27, 27, 27, 27, 27, 27, 27, 27, 27, 27, 27, 27, 27, 27]
28
# [9, 9, 10, 11, 12, 12, 12, 13, 13, 14, 14, 14, 14, 14, 14, 14, 15, 15, 15, 16, 18, 18, 26, 27, 27, 28, 28, 28, 28, 28, 29, 29, 31, 31, 32]
# [13, 13, 13, 13, 13, 13, 13, 13, 13, 13, 13, 13, 13, 13, 13, 13, 13, 13, 13, 13, 13, 13, 34, 34, 34, 34, 34, 34, 34, 34, 34, 34, 34, 34, 34]
13
# [4, 4, 4, 4, 5, 5, 5, 5, 5, 5, 5, 5, 5, 5, 6, 6, 6, 6, 6, 7, 7, 7, 8, 8, 8, 9, 9, 9, 10, 10, 10, 10, 11, 12, 29]
# [1, 1, 1, 1, 1, 1, 1, 1, 1, 1, 1, 1, 1, 1, 1, 1, 1, 1, 1, 1, 1, 1, 1, 1, 1, 1, 1, 1, 1, 1, 1, 1, 1, 1, 34]
1
# [9, 11, 11, 11, 11, 11, 12, 13, 13, 13, 13, 14, 14, 14, 14, 15, 15, 15, 15, 16, 16, 17, 17, 18, 18, 26, 29, 30, 30, 30, 30, 31, 31, 31, 32]
# [10, 10, 10, 10, 10, 10, 10, 10, 10, 10, 10, 10, 10, 10, 10, 10, 10, 10, 10, 10, 10, 10, 10, 10, 10, 34, 34, 34, 34, 34, 34, 34, 34, 34, 34]
10
# [1, 2, 3, 6, 6, 7, 7, 7, 9, 18, 19, 19, 20, 20, 20, 20, 21, 21, 21, 21, 22, 23, 23, 23, 23, 24, 24, 24, 24, 24, 25, 25, 25, 25, 28]
# [0, 0, 0, 0, 0, 0, 0, 0, 0, 25, 25, 25, 25, 25, 25, 25, 25, 25, 25, 25, 25, 25, 25, 25, 25, 25, 25, 25, 25, 25, 25, 25, 25, 25, 25]
26
# [4, 5, 5, 5, 5, 6, 6, 6, 6, 6, 7, 7, 7, 7, 8, 8, 8, 8, 8, 8, 8, 8, 8, 9, 9, 10, 11, 11, 12, 12, 14, 28, 29, 30, 31]
# [4, 4, 4, 4, 4, 4, 4, 4, 4, 4, 4, 4, 4, 4, 4, 4, 4, 4, 4, 4, 4, 4, 4, 4, 4, 4, 4, 4, 4, 4, 4, 34, 34, 34, 34]
4
# [9, 9, 10, 10, 10, 10, 10, 11, 11, 12, 12, 12, 13, 13, 13, 13, 13, 14, 14, 14, 14, 16, 16, 17, 19, 26, 27, 27, 28, 28, 29, 29, 29, 30, 32]
# [10, 10, 10, 10, 10, 10, 10, 10, 10, 10, 10, 10, 10, 10, 10, 10, 10, 10, 10, 10, 10, 10, 10, 10, 10, 34, 34, 34, 34, 34, 34, 34, 34, 34, 34]
10
# [4, 5, 6, 6, 7, 7, 7, 7, 8, 8, 8, 8, 8, 9, 9, 10, 10, 10, 11, 11, 11, 11, 11, 11, 11, 12, 12, 12, 12, 13, 25, 27, 27, 29, 29]
# [5, 5, 5, 5, 5, 5, 5, 5, 5, 5, 5, 5, 5, 5, 5, 5, 5, 5, 5, 5, 5, 5, 5, 5, 5, 5, 5, 5, 5, 5, 34, 34, 34, 34, 34]
5
# [3, 5, 5, 7, 8, 21, 21, 22, 23, 23, 23, 23, 24, 24, 24, 24, 24, 24, 24, 24, 24, 24, 24, 25, 25, 25, 26, 26, 26, 26, 26, 26, 26, 26, 27]
# [0, 0, 0, 0, 0, 29, 29, 29, 29, 29, 29, 29, 29, 29, 29, 29, 29, 29, 29, 29, 29, 29, 29, 29, 29, 29, 29, 29, 29, 29, 29, 29, 29, 29, 29]
30
# [5, 5, 5, 5, 5, 5, 6, 6, 6, 6, 7, 7, 7, 7, 7, 7, 7, 7, 8, 8, 8, 8, 8, 8, 8, 9, 9, 9, 9, 10, 10, 13, 23, 27, 31]
# [3, 3, 3, 3, 3, 3, 3, 3, 3, 3, 3, 3, 3, 3, 3, 3, 3, 3, 3, 3, 3, 3, 3, 3, 3, 3, 3, 3, 3, 3, 3, 3, 34, 34, 34]
3
# [1, 2, 3, 3, 4, 4, 5, 5, 6, 6, 7, 7, 7, 10, 16, 16, 17, 18, 19, 19, 19, 19, 19, 19, 19, 19, 20, 20, 20, 21, 22, 22, 22, 24, 24]
# [0, 0, 0, 0, 0, 0, 0, 0, 0, 0, 0, 0, 0, 0, 20, 20, 20, 20, 20, 20, 20, 20, 20, 20, 20, 20, 20, 20, 20, 20, 20, 20, 20, 20, 20]
21
# [1, 2, 2, 2, 3, 3, 3, 4, 4, 4, 4, 4, 5, 5, 5, 5, 5, 5, 5, 6, 6, 6, 6, 7, 7, 7, 7, 7, 7, 8, 8, 8, 10, 14, 25]
# [2, 2, 2, 2, 2, 2, 2, 2, 2, 2, 2, 2, 2, 2, 2, 2, 2, 2, 2, 2, 2, 2, 2, 2, 2, 2, 2, 2, 2, 2, 2, 2, 2, 34, 34]
2
# [5, 5, 6, 6, 7, 7, 7, 7, 7, 7, 8, 8, 8, 8, 9, 9, 9, 9, 10, 10, 10, 10, 10, 10, 10, 10, 11, 11, 11, 12, 12, 30, 31, 31, 31]
# [4, 4, 4, 4, 4, 4, 4, 4, 4, 4, 4, 4, 4, 4, 4, 4, 4, 4, 4, 4, 4, 4, 4, 4, 4, 4, 4, 4, 4, 4, 4, 34, 34, 34, 34]
4
# [13, 13, 14, 14, 14, 14, 15, 15, 15, 16, 16, 16, 16, 17, 17, 17, 17, 18, 20, 23, 24, 25, 26, 26, 27, 27, 28, 28, 28, 30, 30, 30, 30, 30, 31]
# [16, 16, 16, 16, 16, 16, 16, 16, 16, 16, 16, 16, 16, 16, 16, 16, 16, 16, 16, 34, 34, 34, 34, 34, 34, 34, 34, 34, 34, 34, 34, 34, 34, 34, 34]
16
# [0, 2, 4, 4, 5, 5, 5, 5, 6, 6, 6, 7, 7, 7, 7, 8, 8, 8, 12, 12, 14, 14, 14, 15, 15, 15, 15, 16, 16, 16, 17, 17, 18, 19, 21]
# [0, 0, 0, 0, 0, 0, 0, 0, 0, 0, 0, 0, 0, 0, 0, 0, 0, 0, 16, 16, 16, 16, 16, 16, 16, 16, 16, 16, 16, 16, 16, 16, 16, 16, 16]
17
# [1, 2, 2, 2, 2, 3, 3, 3, 3, 4, 4, 4, 4, 4, 4, 4, 4, 4, 4, 4, 5, 5, 5, 5, 5, 5, 5, 6, 6, 6, 7, 7, 7, 7, 8]
# [0, 0, 0, 0, 0, 0, 0, 0, 0, 0, 0, 0, 0, 0, 0, 0, 0, 0, 0, 0, 0, 0, 0, 0, 0, 0, 0, 0, 0, 0, 0, 0, 0, 0, 0]
0
# [7, 8, 8, 8, 8, 8, 8, 9, 9, 9, 9, 10, 10, 10, 10, 11, 11, 11, 11, 11, 11, 12, 12, 13, 14, 16, 17, 17, 26, 26, 28, 28, 29, 29, 30]
# [7, 7, 7, 7, 7, 7, 7, 7, 7, 7, 7, 7, 7, 7, 7, 7, 7, 7, 7, 7, 7, 7, 7, 7, 7, 7, 7, 7, 34, 34, 34, 34, 34, 34, 34]
7
# [9, 11, 11, 12, 12, 12, 12, 13, 14, 14, 14, 14, 14, 15, 15, 15, 15, 15, 16, 16, 17, 17, 18, 25, 26, 26, 26, 27, 28, 29, 29, 30, 30, 31, 32]
# [12, 12, 12, 12, 12, 12, 12, 12, 12, 12, 12, 12, 12, 12, 12, 12, 12, 12, 12, 12, 12, 12, 12, 34, 34, 34, 34, 34, 34, 34, 34, 34, 34, 34, 34]
12
# [2, 3, 3, 3, 3, 3, 3, 4, 4, 5, 5, 5, 6, 7, 7, 7, 8, 10, 13, 13, 13, 13, 14, 15, 15, 15, 15, 15, 16, 16, 17, 18, 19, 21, 22]
# [0, 0, 0, 0, 0, 0, 0, 0, 0, 0, 0, 0, 0, 0, 0, 0, 0, 0, 16, 16, 16, 16, 16, 16, 16, 16, 16, 16, 16, 16, 16, 16, 16, 16, 16]
17
# [5, 6, 7, 7, 7, 8, 8, 8, 8, 9, 9, 9, 10, 10, 10, 10, 10, 10, 10, 10, 10, 10, 11, 11, 11, 11, 12, 14, 22, 24, 25, 25, 26, 28, 29]
# [7, 7, 7, 7, 7, 7, 7, 7, 7, 7, 7, 7, 7, 7, 7, 7, 7, 7, 7, 7, 7, 7, 7, 7, 7, 7, 7, 7, 34, 34, 34, 34, 34, 34, 34]
7
# [4, 22, 23, 23, 24, 25, 26, 26, 26, 26, 27, 27, 27, 27, 27, 28, 28, 28, 28, 28, 28, 29, 29, 29, 29, 29, 29, 29, 30, 30, 31, 31, 32, 33, 34]
# [0, 33, 33, 33, 33, 33, 33, 33, 33, 33, 33, 33, 33, 33, 33, 33, 33, 33, 33, 33, 33, 33, 33, 33, 33, 33, 33, 33, 33, 33, 33, 33, 33, 33, 33]
34
# [1, 4, 5, 6, 9, 19, 22, 22, 23, 24, 24, 24, 24, 25, 25, 25, 25, 25, 25, 26, 26, 26, 26, 27, 27, 27, 27, 28, 28, 28, 28, 28, 29, 29, 29]
# [0, 0, 0, 0, 0, 29, 29, 29, 29, 29, 29, 29, 29, 29, 29, 29, 29, 29, 29, 29, 29, 29, 29, 29, 29, 29, 29, 29, 29, 29, 29, 29, 29, 29, 29]
30
# [5, 5, 6, 6, 6, 6, 7, 7, 7, 7, 7, 8, 8, 8, 8, 8, 8, 8, 8, 8, 8, 8, 8, 9, 9, 10, 10, 12, 12, 13, 28, 29, 30, 30, 33]
# [5, 5, 5, 5, 5, 5, 5, 5, 5, 5, 5, 5, 5, 5, 5, 5, 5, 5, 5, 5, 5, 5, 5, 5, 5, 5, 5, 5, 5, 5, 34, 34, 34, 34, 34]
5
# [11, 12, 12, 12, 12, 13, 14, 14, 15, 15, 15, 16, 16, 16, 17, 17, 18, 19, 19, 19, 21, 26, 27, 27, 27, 28, 28, 29, 29, 30, 30, 30, 31, 31, 32]
# [14, 14, 14, 14, 14, 14, 14, 14, 14, 14, 14, 14, 14, 14, 14, 14, 14, 14, 14, 14, 14, 34, 34, 34, 34, 34, 34, 34, 34, 34, 34, 34, 34, 34, 34]
14
# [2, 3, 3, 4, 20, 22, 22, 22, 23, 23, 23, 24, 24, 25, 25, 25, 25, 25, 26, 26, 26, 26, 26, 26, 26, 27, 27, 27, 27, 27, 27, 27, 28, 28, 29]
# [0, 0, 0, 0, 30, 30, 30, 30, 30, 30, 30, 30, 30, 30, 30, 30, 30, 30, 30, 30, 30, 30, 30, 30, 30, 30, 30, 30, 30, 30, 30, 30, 30, 30, 30]
31
# [8, 10, 10, 10, 10, 11, 11, 11, 12, 12, 13, 13, 13, 13, 14, 14, 14, 14, 14, 14, 15, 15, 15, 17, 27, 27, 27, 27, 28, 28, 29, 30, 30, 31, 31]
# [11, 11, 11, 11, 11, 11, 11, 11, 11, 11, 11, 11, 11, 11, 11, 11, 11, 11, 11, 11, 11, 11, 11, 11, 34, 34, 34, 34, 34, 34, 34, 34, 34, 34, 34]
11
# [8, 8, 9, 10, 10, 10, 11, 11, 11, 11, 12, 12, 12, 12, 12, 12, 12, 13, 13, 13, 14, 14, 15, 15, 16, 17, 26, 26, 27, 29, 29, 30, 31, 31, 32]
# [9, 9, 9, 9, 9, 9, 9, 9, 9, 9, 9, 9, 9, 9, 9, 9, 9, 9, 9, 9, 9, 9, 9, 9, 9, 9, 34, 34, 34, 34, 34, 34, 34, 34, 34]
9
# [8, 9, 9, 9, 10, 10, 10, 11, 11, 11, 12, 12, 12, 13, 13, 13, 14, 14, 14, 14, 14, 15, 15, 15, 16, 16, 27, 28, 28, 29, 29, 29, 29, 32, 33]
# [9, 9, 9, 9, 9, 9, 9, 9, 9, 9, 9, 9, 9, 9, 9, 9, 9, 9, 9, 9, 9, 9, 9, 9, 9, 9, 34, 34, 34, 34, 34, 34, 34, 34, 34]
9
# [7, 8, 8, 8, 9, 9, 9, 10, 10, 10, 10, 10, 10, 11, 11, 12, 12, 12, 12, 12, 12, 13, 13, 13, 13, 14, 14, 24, 28, 29, 29, 29, 30, 30, 31]
# [8, 8, 8, 8, 8, 8, 8, 8, 8, 8, 8, 8, 8, 8, 8, 8, 8, 8, 8, 8, 8, 8, 8, 8, 8, 8, 8, 34, 34, 34, 34, 34, 34, 34, 34]
8
# [3, 3, 3, 5, 5, 6, 8, 21, 22, 22, 22, 22, 23, 24, 24, 24, 24, 24, 24, 24, 24, 24, 25, 25, 25, 25, 25, 25, 25, 26, 26, 26, 26, 27, 27]
# [0, 0, 0, 0, 0, 0, 0, 27, 27, 27, 27, 27, 27, 27, 27, 27, 27, 27, 27, 27, 27, 27, 27, 27, 27, 27, 27, 27, 27, 27, 27, 27, 27, 27, 27]
28
# [9, 10, 11, 12, 12, 12, 13, 14, 14, 14, 14, 14, 15, 15, 15, 15, 15, 16, 16, 16, 16, 17, 23, 24, 27, 27, 28, 28, 28, 28, 29, 30, 31, 31, 31]
# [13, 13, 13, 13, 13, 13, 13, 13, 13, 13, 13, 13, 13, 13, 13, 13, 13, 13, 13, 13, 13, 13, 34, 34, 34, 34, 34, 34, 34, 34, 34, 34, 34, 34, 34]
13
# [9, 11, 13, 14, 14, 14, 15, 15, 16, 16, 16, 16, 17, 17, 17, 18, 18, 20, 20, 25, 25, 25, 27, 28, 28, 28, 28, 29, 29, 29, 30, 30, 30, 30, 31]
# [16, 16, 16, 16, 16, 16, 16, 16, 16, 16, 16, 16, 16, 16, 16, 16, 16, 16, 16, 34, 34, 34, 34, 34, 34, 34, 34, 34, 34, 34, 34, 34, 34, 34, 34]
16
# [9, 10, 10, 10, 12, 12, 12, 12, 13, 13, 13, 13, 13, 13, 13, 13, 14, 14, 14, 16, 16, 17, 17, 24, 25, 26, 28, 28, 29, 29, 29, 30, 30, 30, 31]
# [12, 12, 12, 12, 12, 12, 12, 12, 12, 12, 12, 12, 12, 12, 12, 12, 12, 12, 12, 12, 12, 12, 12, 34, 34, 34, 34, 34, 34, 34, 34, 34, 34, 34, 34]
12
# [2, 2, 2, 3, 3, 5, 5, 5, 5, 5, 6, 6, 6, 15, 16, 16, 17, 17, 18, 18, 19, 19, 19, 19, 19, 19, 20, 20, 20, 21, 21, 21, 21, 22, 24]
# [0, 0, 0, 0, 0, 0, 0, 0, 0, 0, 0, 0, 0, 21, 21, 21, 21, 21, 21, 21, 21, 21, 21, 21, 21, 21, 21, 21, 21, 21, 21, 21, 21, 21, 21]
22
# [2, 3, 3, 4, 4, 5, 5, 7, 7, 7, 7, 7, 8, 11, 15, 17, 17, 17, 17, 18, 18, 19, 19, 20, 20, 20, 21, 21, 22, 22, 22, 23, 23, 23, 24]
# [0, 0, 0, 0, 0, 0, 0, 0, 0, 0, 0, 0, 0, 0, 20, 20, 20, 20, 20, 20, 20, 20, 20, 20, 20, 20, 20, 20, 20, 20, 20, 20, 20, 20, 20]
21
# [8, 10, 10, 11, 11, 11, 12, 12, 12, 12, 12, 12, 13, 13, 13, 13, 13, 13, 13, 13, 14, 15, 15, 15, 26, 26, 26, 27, 28, 28, 30, 30, 31, 31, 31]
# [11, 11, 11, 11, 11, 11, 11, 11, 11, 11, 11, 11, 11, 11, 11, 11, 11, 11, 11, 11, 11, 11, 11, 11, 34, 34, 34, 34, 34, 34, 34, 34, 34, 34, 34]
11
# [3, 4, 5, 5, 5, 6, 6, 6, 6, 6, 6, 6, 6, 7, 7, 7, 7, 7, 7, 7, 7, 8, 8, 8, 8, 8, 8, 9, 9, 9, 9, 10, 26, 27, 29]
# [3, 3, 3, 3, 3, 3, 3, 3, 3, 3, 3, 3, 3, 3, 3, 3, 3, 3, 3, 3, 3, 3, 3, 3, 3, 3, 3, 3, 3, 3, 3, 3, 34, 34, 34]
3
# [2, 3, 4, 4, 4, 5, 5, 6, 6, 7, 7, 7, 8, 9, 16, 16, 17, 17, 17, 18, 18, 19, 19, 19, 20, 20, 20, 20, 20, 21, 21, 22, 23, 23, 23]
# [0, 0, 0, 0, 0, 0, 0, 0, 0, 0, 0, 0, 0, 0, 20, 20, 20, 20, 20, 20, 20, 20, 20, 20, 20, 20, 20, 20, 20, 20, 20, 20, 20, 20, 20]
21
# [3, 4, 4, 4, 5, 5, 5, 5, 5, 5, 6, 6, 6, 6, 6, 7, 7, 7, 7, 7, 7, 7, 7, 8, 8, 8, 8, 8, 8, 9, 10, 11, 11, 28, 32]
# [2, 2, 2, 2, 2, 2, 2, 2, 2, 2, 2, 2, 2, 2, 2, 2, 2, 2, 2, 2, 2, 2, 2, 2, 2, 2, 2, 2, 2, 2, 2, 2, 2, 34, 34]
2
# [6, 7, 8, 8, 8, 9, 9, 9, 9, 9, 10, 10, 10, 10, 10, 10, 11, 11, 11, 11, 11, 12, 12, 12, 13, 13, 13, 17, 22, 28, 29, 29, 30, 30, 31]
# [7, 7, 7, 7, 7, 7, 7, 7, 7, 7, 7, 7, 7, 7, 7, 7, 7, 7, 7, 7, 7, 7, 7, 7, 7, 7, 7, 7, 34, 34, 34, 34, 34, 34, 34]
7
# [11, 12, 14, 14, 14, 15, 15, 15, 15, 15, 16, 16, 17, 17, 17, 17, 17, 17, 17, 18, 18, 25, 27, 27, 27, 27, 27, 28, 28, 28, 29, 29, 30, 31, 32]
# [14, 14, 14, 14, 14, 14, 14, 14, 14, 14, 14, 14, 14, 14, 14, 14, 14, 14, 14, 14, 14, 34, 34, 34, 34, 34, 34, 34, 34, 34, 34, 34, 34, 34, 34]
14
# [2, 3, 4, 5, 5, 6, 6, 6, 6, 7, 7, 8, 8, 8, 8, 9, 9, 14, 14, 15, 16, 17, 17, 18, 18, 18, 18, 18, 19, 19, 19, 19, 20, 20, 22]
# [0, 0, 0, 0, 0, 0, 0, 0, 0, 0, 0, 0, 0, 0, 0, 0, 0, 17, 17, 17, 17, 17, 17, 17, 17, 17, 17, 17, 17, 17, 17, 17, 17, 17, 17]
18
