8
0000000000000000000000000000
1000000000000000000000000000
1100000000000000000000000000
1110000000000000000000000000
1111000000000000000000000000
1111100000000000000000000000
1111110000000000000000000000
1111111000000000000000000000
1111111100000000000000000000
1111111110000000000000000000
1111111111000000000000000000
1111111111100000000000000000
1111111111110000000000000000
1111111111111000000000000000
1111111111111100000000000000
1111111111111110000000000000
1111111111111111000000000000
1111111111111111100000000000
1111111111111111110000000000
1111111111111111111000000000
1111111111111111111100000000
1111111111111111111110000000
1111111111111111111111000000
1111111111111111111111100000
1111111111111111111111110000
1111111111111111111111111000
18
6
14
10
9
21
15
16
7
8
15
6
9
12
11
22
18
18
8
10
6
3
19
17
7
4
6
16
3
10
13
7
21
17
11
24
15
14
9
17
4
17
14
16
17
12
5
19
3
15
9
6
9
4
6
9
24
16
12
18
15
17
6
10
4
19
12
19
20
5
19
21
12
15
21
11
21
8
10
6
20
5
16
16
17
16
22
10
21
17
12
22
22
9
13
13
18
10
17
6
