7
000000000000000000000
100000000000000000000
110000000000000000000
111000000000000000000
111100000000000000000
111110000000000000000
111111000000000000000
111111100000000000000
111111110000000000000
111111111000000000000
111111111100000000000
111111111110000000000
111111111111000000000
111111111111100000000
111111111111110000000
111111111111111000000
111111111111111100000
15
10
8
13
12
11
4
5
13
10
8
11
14
12
14
11
8
9
7
12
7
12
15
14
4
11
11
8
10
8
13
7
11
9
10
4
5
6
8
6
5
11
8
9
5
9
13
10
8
10
13
12
8
11
7
13
8
7
6
5
7
13
9
11
8
11
4
11
8
5
9
13
12
9
8
11
10
13
10
11
13
11
10
9
12
8
12
12
7
5
14
14
11
5
8
11
8
14
9
6
