7
000000000000000000000
100000000000000000000
110000000000000000000
111000000000000000000
111100000000000000000
111110000000000000000
111111000000000000000
111111100000000000000
111111110000000000000
111111111000000000000
111111111100000000000
111111111110000000000
111111111111000000000
111111111111100000000
111111111111110000000
111111111111111000000
111111111111111100000
16
11
8
8
7
6
12
6
7
7
11
12
7
7
6
4
9
9
10
10
13
8
7
10
13
11
13
7
7
9
11
6
6
5
12
5
12
9
8
11
6
10
5
8
11
12
5
9
8
11
8
4
7
10
11
7
14
5
9
9
15
7
8
8
15
12
11
13
4
6
10
10
14
9
12
12
8
6
11
13
3
9
11
10
9
6
14
5
12
11
13
3
7
10
15
8
8
14
13
13
