15
000000000000000000000000000000000000000000000000000000000000000000000000000000000000000000000000000000000
111111111111110000000000000000000000000000000000000000000000000000000000000000000000000000000000000000000
111111111111111111111111111000000000000000000000000000000000000000000000000000000000000000000000000000000
111111111111111111111111111111111111111000000000000000000000000000000000000000000000000000000000000000000
111111111111111111111111111111111111111111111111110000000000000000000000000000000000000000000000000000000
111111111111111111111111111111111111111111111111111111111111000000000000000000000000000000000000000000000
111111111111111111111111111111111111111111111111111111111111111111111000000000000000000000000000000000000
111111000000001111100000000111100000000111000000001100000000100000000000000000000000000000000000000000000
111111100000001111110000000111110000000111100000001110000000110000000100000000000000000000000000000000000
111111110000001111111000000111111000000111110000001111000000111000000110000001000000000000000000000000000
111111111000001111111100000111111100000111111000001111100000111100000111000001100000100000000000000000000
111111111100001111111110000111111110000111111100001111110000111110000111100001110000110000100000000000000
111111111110001111111111000111111111000111111110001111111000111111000111110001111000111000110001000000000
111111111111001111111111100111111111100111111111001111111100111111100111111001111100111100111001100100000
111111111111101111111111110111111111110111111111101111111110111111110111111101111110111110111101110110100
# [1, 2, 3, 3, 8, 9, 9, 9, 9, 10, 10, 10, 11, 11, 11]
# [0, 0, 0, 0, 10, 10, 10, 10, 10, 10, 10, 10, 10, 10, 10]
11
# [2, 3, 3, 3, 4, 4, 4, 4, 4, 5, 6, 6, 12, 13, 13]
# [3, 3, 3, 3, 3, 3, 3, 3, 3, 3, 3, 3, 14, 14, 14]
3
# [2, 3, 3, 4, 4, 5, 5, 5, 5, 6, 6, 12, 13, 13, 14]
# [4, 4, 4, 4, 4, 4, 4, 4, 4, 4, 4, 14, 14, 14, 14]
4
# [0, 0, 0, 0, 1, 1, 1, 6, 6, 7, 7, 7, 7, 7, 8]
# [0, 0, 0, 0, 0, 0, 0, 7, 7, 7, 7, 7, 7, 7, 7]
8
# [2, 2, 3, 3, 3, 3, 4, 4, 4, 4, 5, 6, 12, 12, 13]
# [3, 3, 3, 3, 3, 3, 3, 3, 3, 3, 3, 3, 14, 14, 14]
3
# [1, 2, 2, 2, 2, 2, 2, 2, 2, 2, 2, 2, 3, 13, 13]
# [2, 2, 2, 2, 2, 2, 2, 2, 2, 2, 2, 2, 2, 14, 14]
2
# [0, 0, 2, 8, 8, 9, 9, 10, 10, 10, 10, 11, 11, 11, 11]
# [0, 0, 0, 11, 11, 11, 11, 11, 11, 11, 11, 11, 11, 11, 11]
12
# [0, 0, 0, 1, 1, 1, 2, 5, 6, 6, 6, 7, 7, 8, 8]
# [0, 0, 0, 0, 0, 0, 0, 7, 7, 7, 7, 7, 7, 7, 7]
8
# [1, 10, 11, 11, 11, 11, 12, 12, 12, 12, 13, 13, 13, 13, 13]
# [0, 13, 13, 13, 13, 13, 13, 13, 13, 13, 13, 13, 13, 13, 13]
14
# [0, 0, 0, 1, 9, 9, 9, 9, 10, 10, 10, 10, 10, 10, 11]
# [0, 0, 0, 0, 10, 10, 10, 10, 10, 10, 10, 10, 10, 10, 10]
11
# [1, 2, 8, 9, 10, 10, 10, 11, 11, 11, 11, 12, 12, 13, 13]
# [0, 0, 12, 12, 12, 12, 12, 12, 12, 12, 12, 12, 12, 12, 12]
13
# [0, 1, 2, 2, 2, 2, 2, 2, 3, 3, 3, 4, 4, 11, 13]
# [2, 2, 2, 2, 2, 2, 2, 2, 2, 2, 2, 2, 2, 14, 14]
2
# [4, 11, 11, 12, 12, 12, 12, 13, 13, 13, 13, 13, 13, 13, 13]
# [0, 13, 13, 13, 13, 13, 13, 13, 13, 13, 13, 13, 13, 13, 13]
14
# [0, 9, 10, 10, 11, 11, 11, 12, 12, 12, 12, 12, 12, 13, 13]
# [0, 13, 13, 13, 13, 13, 13, 13, 13, 13, 13, 13, 13, 13, 13]
14
# [0, 0, 0, 0, 0, 0, 1, 6, 7, 7, 7, 7, 7, 7, 7]
# [0, 0, 0, 0, 0, 0, 0, 7, 7, 7, 7, 7, 7, 7, 7]
8
# [3, 3, 3, 4, 4, 4, 5, 5, 5, 5, 5, 5, 12, 13, 14]
# [3, 3, 3, 3, 3, 3, 3, 3, 3, 3, 3, 3, 14, 14, 14]
3
# [1, 2, 2, 2, 3, 3, 3, 3, 4, 4, 4, 4, 5, 12, 14]
# [2, 2, 2, 2, 2, 2, 2, 2, 2, 2, 2, 2, 2, 14, 14]
2
# [4, 5, 5, 5, 6, 6, 6, 8, 8, 12, 12, 13, 13, 13, 14]
# [6, 6, 6, 6, 6, 6, 6, 6, 6, 14, 14, 14, 14, 14, 14]
6
# [1, 1, 2, 2, 2, 2, 3, 3, 3, 3, 3, 3, 4, 4, 14]
# [1, 1, 1, 1, 1, 1, 1, 1, 1, 1, 1, 1, 1, 1, 14]
1
# [0, 0, 0, 1, 1, 1, 7, 7, 8, 8, 8, 8, 8, 8, 11]
# [0, 0, 0, 0, 0, 0, 8, 8, 8, 8, 8, 8, 8, 8, 8]
9
# [4, 6, 6, 7, 7, 8, 8, 8, 8, 13, 13, 13, 13, 14, 14]
# [6, 6, 6, 6, 6, 6, 6, 6, 6, 14, 14, 14, 14, 14, 14]
6
# [0, 1, 1, 5, 8, 9, 10, 10, 10, 10, 10, 10, 10, 11, 11]
# [0, 0, 0, 0, 10, 10, 10, 10, 10, 10, 10, 10, 10, 10, 10]
11
# [5, 6, 6, 6, 6, 6, 6, 7, 8, 12, 13, 13, 13, 13, 14]
# [6, 6, 6, 6, 6, 6, 6, 6, 6, 14, 14, 14, 14, 14, 14]
6
# [2, 9, 10, 10, 11, 11, 11, 11, 11, 11, 12, 12, 13, 13, 13]
# [0, 13, 13, 13, 13, 13, 13, 13, 13, 13, 13, 13, 13, 13, 13]
14
# [6, 6, 6, 6, 6, 6, 6, 7, 7, 13, 13, 13, 13, 14, 14]
# [6, 6, 6, 6, 6, 6, 6, 6, 6, 14, 14, 14, 14, 14, 14]
6
# [0, 0, 0, 0, 1, 1, 1, 2, 3, 5, 5, 6, 6, 7, 7]
# [6, 6, 6, 6, 6, 6, 6, 6, 6, 14, 14, 14, 14, 14, 14]
6
# [1, 2, 3, 9, 9, 9, 10, 10, 10, 11, 11, 11, 11, 12, 13]
# [0, 0, 0, 11, 11, 11, 11, 11, 11, 11, 11, 11, 11, 11, 11]
12
# [4, 5, 5, 5, 5, 5, 5, 5, 5, 6, 11, 11, 12, 14, 14]
# [5, 5, 5, 5, 5, 5, 5, 5, 5, 5, 14, 14, 14, 14, 14]
5
# [1, 2, 9, 10, 10, 11, 11, 11, 11, 11, 11, 12, 12, 12, 12]
# [0, 0, 12, 12, 12, 12, 12, 12, 12, 12, 12, 12, 12, 12, 12]
13
# [3, 4, 4, 4, 4, 4, 5, 5, 5, 5, 5, 11, 13, 14, 14]
# [4, 4, 4, 4, 4, 4, 4, 4, 4, 4, 4, 14, 14, 14, 14]
4
# [0, 0, 0, 0, 1, 2, 2, 2, 5, 5, 5, 6, 6, 7, 7]
# [0, 0, 0, 0, 0, 0, 0, 0, 6, 6, 6, 6, 6, 6, 6]
7
# [0, 0, 0, 0, 1, 2, 2, 4, 6, 6, 6, 6, 7, 7, 7]
# [0, 0, 0, 0, 0, 0, 0, 7, 7, 7, 7, 7, 7, 7, 7]
8
# [1, 11, 11, 11, 12, 12, 12, 12, 12, 12, 12, 13, 13, 13, 13]
# [0, 13, 13, 13, 13, 13, 13, 13, 13, 13, 13, 13, 13, 13, 13]
14
# [0, 1, 1, 1, 2, 2, 3, 7, 7, 7, 7, 8, 8, 8, 8]
# [0, 0, 0, 0, 0, 0, 0, 7, 7, 7, 7, 7, 7, 7, 7]
8
# [1, 1, 2, 2, 2, 2, 2, 2, 3, 3, 3, 4, 5, 12, 12]
# [2, 2, 2, 2, 2, 2, 2, 2, 2, 2, 2, 2, 2, 14, 14]
2
# [0, 1, 1, 1, 1, 1, 1, 3, 5, 6, 6, 6, 6, 7, 7]
# [0, 0, 0, 0, 0, 0, 0, 0, 6, 6, 6, 6, 6, 6, 6]
7
# [0, 1, 1, 2, 2, 7, 7, 8, 8, 8, 9, 9, 9, 9, 10]
# [0, 0, 0, 0, 0, 9, 9, 9, 9, 9, 9, 9, 9, 9, 9]
10
# [1, 1, 1, 1, 2, 2, 2, 2, 3, 3, 3, 3, 3, 3, 14]
# [1, 1, 1, 1, 1, 1, 1, 1, 1, 1, 1, 1, 1, 1, 14]
1
# [0, 2, 10, 10, 10, 10, 11, 11, 11, 11, 12, 12, 12, 12, 12]
# [0, 0, 12, 12, 12, 12, 12, 12, 12, 12, 12, 12, 12, 12, 12]
13
# [0, 0, 0, 0, 1, 1, 1, 2, 2, 2, 2, 2, 2, 4, 5]
# [0, 0, 0, 0, 0, 0, 0, 0, 0, 0, 0, 0, 0, 0, 0]
0
# [2, 3, 9, 9, 10, 10, 11, 11, 11, 11, 12, 12, 12, 12, 13]
# [0, 0, 12, 12, 12, 12, 12, 12, 12, 12, 12, 12, 12, 12, 12]
13
# [0, 1, 1, 1, 1, 1, 1, 2, 2, 2, 2, 2, 2, 3, 13]
# [1, 1, 1, 1, 1, 1, 1, 1, 1, 1, 1, 1, 1, 1, 14]
1
# [0, 0, 0, 1, 2, 2, 7, 7, 8, 8, 8, 8, 9, 9, 9]
# [0, 0, 0, 0, 0, 0, 8, 8, 8, 8, 8, 8, 8, 8, 8]
9
# [0, 1, 2, 10, 10, 10, 10, 10, 10, 10, 10, 11, 11, 11, 12]
# [0, 0, 0, 11, 11, 11, 11, 11, 11, 11, 11, 11, 11, 11, 11]
12
# [1, 1, 1, 1, 2, 2, 2, 2, 2, 2, 2, 2, 2, 2, 14]
# [1, 1, 1, 1, 1, 1, 1, 1, 1, 1, 1, 1, 1, 1, 14]
1
# [2, 3, 3, 3, 3, 3, 3, 3, 4, 4, 4, 5, 13, 13, 14]
# [3, 3, 3, 3, 3, 3, 3, 3, 3, 3, 3, 3, 14, 14, 14]
3
# [3, 3, 3, 3, 4, 4, 4, 4, 5, 5, 5, 6, 13, 13, 13]
# [3, 3, 3, 3, 3, 3, 3, 3, 3, 3, 3, 3, 14, 14, 14]
3
# [1, 3, 3, 3, 8, 9, 10, 10, 10, 10, 10, 10, 10, 11, 12]
# [0, 0, 0, 0, 10, 10, 10, 10, 10, 10, 10, 10, 10, 10, 10]
11
# [0, 0, 0, 0, 0, 1, 3, 6, 6, 6, 7, 7, 8, 8, 8]
# [0, 0, 0, 0, 0, 0, 0, 7, 7, 7, 7, 7, 7, 7, 7]
8
# [0, 0, 0, 1, 1, 1, 1, 1, 1, 1, 1, 2, 3, 3, 4]
# [0, 0, 0, 0, 0, 0, 0, 0, 0, 0, 0, 0, 0, 0, 0]
0
# [0, 2, 9, 9, 10, 10, 11, 11, 11, 11, 11, 11, 11, 12, 13]
# [0, 0, 12, 12, 12, 12, 12, 12, 12, 12, 12, 12, 12, 12, 12]
13
# [0, 1, 10, 10, 10, 11, 11, 11, 11, 11, 11, 12, 12, 12, 13]
# [0, 0, 12, 12, 12, 12, 12, 12, 12, 12, 12, 12, 12, 12, 12]
13
# [2, 3, 3, 3, 3, 3, 3, 3, 4, 4, 5, 6, 13, 13, 14]
# [3, 3, 3, 3, 3, 3, 3, 3, 3, 3, 3, 3, 14, 14, 14]
3
# [0, 0, 0, 1, 1, 2, 2, 2, 2, 2, 2, 3, 3, 3, 11]
# [1, 1, 1, 1, 1, 1, 1, 1, 1, 1, 1, 1, 1, 1, 14]
1
# [2, 2, 2, 2, 3, 3, 3, 3, 3, 4, 4, 4, 4, 11, 12]
# [2, 2, 2, 2, 2, 2, 2, 2, 2, 2, 2, 2, 2, 14, 14]
2
# [0, 0, 1, 2, 4, 9, 9, 9, 9, 9, 9, 10, 10, 10, 11]
# [0, 0, 0, 0, 0, 9, 9, 9, 9, 9, 9, 9, 9, 9, 9]
10
# [0, 1, 2, 2, 9, 9, 9, 9, 10, 10, 10, 10, 11, 11, 11]
# [0, 0, 0, 0, 10, 10, 10, 10, 10, 10, 10, 10, 10, 10, 10]
11
# [0, 1, 1, 1, 1, 1, 1, 2, 5, 5, 6, 6, 7, 7, 8]
# [0, 0, 0, 0, 0, 0, 0, 0, 6, 6, 6, 6, 6, 6, 6]
7
# [0, 1, 1, 10, 10, 10, 10, 10, 11, 11, 11, 11, 11, 11, 12]
# [0, 0, 0, 11, 11, 11, 11, 11, 11, 11, 11, 11, 11, 11, 11]
12
# [2, 2, 2, 2, 2, 2, 2, 2, 2, 2, 3, 3, 3, 12, 13]
# [2, 2, 2, 2, 2, 2, 2, 2, 2, 2, 2, 2, 2, 14, 14]
2
# [0, 0, 2, 2, 2, 4, 6, 7, 7, 7, 8, 9, 9, 9, 10]
# [0, 0, 0, 0, 0, 0, 8, 8, 8, 8, 8, 8, 8, 8, 8]
9
# [5, 5, 5, 5, 5, 6, 7, 7, 9, 11, 12, 13, 13, 13, 14]
# [6, 6, 6, 6, 6, 6, 6, 6, 6, 14, 14, 14, 14, 14, 14]
6
# [0, 2, 2, 2, 2, 3, 3, 3, 4, 4, 4, 4, 5, 11, 11]
# [2, 2, 2, 2, 2, 2, 2, 2, 2, 2, 2, 2, 2, 14, 14]
2
# [0, 1, 1, 1, 1, 1, 2, 2, 2, 2, 2, 2, 3, 3, 13]
# [1, 1, 1, 1, 1, 1, 1, 1, 1, 1, 1, 1, 1, 1, 14]
1
# [0, 0, 0, 0, 0, 0, 1, 1, 1, 1, 1, 2, 2, 2, 3]
# [0, 0, 0, 0, 0, 0, 0, 0, 0, 0, 0, 0, 0, 0, 0]
0
# [2, 2, 3, 3, 3, 3, 3, 3, 4, 4, 4, 5, 5, 12, 14]
# [2, 2, 2, 2, 2, 2, 2, 2, 2, 2, 2, 2, 2, 14, 14]
2
# [1, 2, 2, 3, 3, 3, 4, 4, 4, 4, 4, 5, 12, 12, 13]
# [3, 3, 3, 3, 3, 3, 3, 3, 3, 3, 3, 3, 14, 14, 14]
3
# [0, 0, 0, 0, 1, 1, 1, 5, 5, 6, 6, 6, 6, 6, 7]
# [0, 0, 0, 0, 0, 0, 0, 7, 7, 7, 7, 7, 7, 7, 7]
8
# [3, 3, 3, 3, 3, 3, 3, 3, 3, 3, 4, 4, 14, 14, 14]
# [3, 3, 3, 3, 3, 3, 3, 3, 3, 3, 3, 3, 14, 14, 14]
3
# [0, 0, 0, 1, 1, 1, 2, 2, 6, 6, 6, 6, 6, 7, 8]
# [0, 0, 0, 0, 0, 0, 0, 0, 6, 6, 6, 6, 6, 6, 6]
7
# [0, 0, 1, 1, 1, 8, 8, 8, 8, 9, 9, 9, 9, 9, 10]
# [0, 0, 0, 0, 0, 9, 9, 9, 9, 9, 9, 9, 9, 9, 9]
10
# [1, 2, 2, 2, 3, 3, 3, 3, 4, 4, 4, 5, 5, 13, 14]
# [2, 2, 2, 2, 2, 2, 2, 2, 2, 2, 2, 2, 2, 14, 14]
2
# [3, 3, 3, 3, 3, 3, 3, 4, 4, 4, 4, 4, 13, 14, 14]
# [3, 3, 3, 3, 3, 3, 3, 3, 3, 3, 3, 3, 14, 14, 14]
3
# [2, 3, 3, 3, 4, 4, 4, 4, 4, 4, 5, 6, 13, 13, 14]
# [3, 3, 3, 3, 3, 3, 3, 3, 3, 3, 3, 3, 14, 14, 14]
3
# [4, 4, 5, 5, 5, 5, 6, 6, 6, 7, 12, 13, 14, 14, 14]
# [5, 5, 5, 5, 5, 5, 5, 5, 5, 5, 14, 14, 14, 14, 14]
5
# [0, 0, 0, 1, 2, 3, 6, 7, 7, 7, 8, 8, 9, 9, 9]
# [0, 0, 0, 0, 0, 0, 8, 8, 8, 8, 8, 8, 8, 8, 8]
9
# [0, 1, 1, 2, 5, 7, 8, 8, 8, 9, 9, 9, 9, 9, 11]
# [0, 0, 0, 0, 10, 10, 10, 10, 10, 10, 10, 10, 10, 10, 10]
11
# [0, 1, 1, 3, 8, 8, 9, 9, 10, 10, 10, 10, 10, 11, 12]
# [0, 0, 0, 0, 10, 10, 10, 10, 10, 10, 10, 10, 10, 10, 10]
11
# [0, 1, 10, 11, 11, 11, 11, 11, 11, 11, 12, 12, 12, 12, 12]
# [0, 0, 12, 12, 12, 12, 12, 12, 12, 12, 12, 12, 12, 12, 12]
13
# [3, 3, 3, 3, 4, 4, 4, 4, 5, 5, 5, 6, 11, 13, 13]
# [3, 3, 3, 3, 3, 3, 3, 3, 3, 3, 3, 3, 14, 14, 14]
3
# [0, 1, 2, 3, 8, 9, 9, 9, 10, 10, 10, 10, 10, 10, 11]
# [0, 0, 0, 0, 10, 10, 10, 10, 10, 10, 10, 10, 10, 10, 10]
11
# [1, 1, 1, 1, 1, 1, 1, 1, 1, 1, 2, 2, 2, 3, 3]
# [0, 0, 0, 0, 0, 0, 0, 0, 0, 0, 0, 0, 0, 0, 0]
0
# [4, 4, 4, 5, 5, 5, 5, 5, 5, 6, 12, 12, 12, 13, 13]
# [5, 5, 5, 5, 5, 5, 5, 5, 5, 5, 14, 14, 14, 14, 14]
5
# [1, 1, 2, 2, 2, 2, 3, 3, 3, 3, 3, 4, 4, 11, 14]
# [2, 2, 2, 2, 2, 2, 2, 2, 2, 2, 2, 2, 2, 14, 14]
2
# [0, 0, 0, 1, 1, 1, 2, 2, 6, 6, 6, 6, 7, 7, 9]
# [0, 0, 0, 0, 0, 0, 0, 0, 6, 6, 6, 6, 6, 6, 6]
7
# [2, 3, 9, 10, 10, 11, 11, 11, 12, 12, 12, 12, 12, 12, 13]
# [0, 0, 12, 12, 12, 12, 12, 12, 12, 12, 12, 12, 12, 12, 12]
13
# [1, 11, 11, 11, 11, 12, 12, 12, 12, 12, 13, 13, 13, 13, 13]
# [0, 13, 13, 13, 13, 13, 13, 13, 13, 13, 13, 13, 13, 13, 13]
14
# [3, 4, 4, 4, 4, 4, 4, 4, 5, 5, 6, 13, 14, 14, 14]
# [4, 4, 4, 4, 4, 4, 4, 4, 4, 4, 4, 14, 14, 14, 14]
4
# [0, 1, 1, 2, 2, 2, 7, 7, 7, 7, 8, 8, 9, 9, 10]
# [0, 0, 0, 0, 0, 0, 8, 8, 8, 8, 8, 8, 8, 8, 8]
9
# [0, 0, 0, 0, 1, 1, 3, 5, 5, 6, 6, 7, 8, 8, 8]
# [0, 0, 0, 0, 0, 0, 0, 7, 7, 7, 7, 7, 7, 7, 7]
8
# [0, 0, 1, 1, 1, 1, 1, 4, 6, 6, 7, 7, 7, 8, 8]
# [0, 0, 0, 0, 0, 0, 0, 7, 7, 7, 7, 7, 7, 7, 7]
8
# [0, 0, 1, 2, 2, 3, 3, 3, 5, 6, 7, 7, 7, 8, 8]
# [0, 0, 0, 0, 0, 0, 0, 0, 6, 6, 6, 6, 6, 6, 6]
7
# [0, 0, 0, 9, 9, 9, 10, 10, 10, 10, 10, 10, 11, 11, 11]
# [0, 0, 0, 11, 11, 11, 11, 11, 11, 11, 11, 11, 11, 11, 11]
12
# [1, 2, 10, 10, 10, 10, 10, 11, 11, 11, 11, 12, 12, 12, 13]
# [0, 0, 12, 12, 12, 12, 12, 12, 12, 12, 12, 12, 12, 12, 12]
13
# [3, 10, 11, 11, 12, 12, 12, 12, 12, 13, 13, 13, 13, 13, 14]
# [0, 13, 13, 13, 13, 13, 13, 13, 13, 13, 13, 13, 13, 13, 13]
14
# [0, 0, 0, 0, 1, 1, 1, 1, 1, 1, 1, 1, 2, 2, 2]
# [0, 0, 0, 0, 0, 0, 0, 0, 0, 0, 0, 0, 0, 0, 0]
0
# [0, 1, 2, 2, 2, 3, 5, 5, 5, 6, 6, 6, 6, 7, 8]
# [0, 0, 0, 0, 0, 0, 8, 8, 8, 8, 8, 8, 8, 8, 8]
9
# [3, 9, 10, 11, 11, 12, 12, 12, 12, 13, 13, 13, 13, 13, 13]
# [0, 13, 13, 13, 13, 13, 13, 13, 13, 13, 13, 13, 13, 13, 13]
14
# [4, 4, 5, 5, 5, 5, 6, 6, 6, 7, 13, 13, 13, 14, 14]
# [5, 5, 5, 5, 5, 5, 5, 5, 5, 5, 14, 14, 14, 14, 14]
5
# [1, 1, 2, 9, 10, 10, 10, 10, 11, 11, 11, 11, 11, 12, 14]
# [0, 0, 0, 11, 11, 11, 11, 11, 11, 11, 11, 11, 11, 11, 11]
12
