9
000000000000000000000000000000000000
100000000000000000000000000000000000
110000000000000000000000000000000000
111000000000000000000000000000000000
111100000000000000000000000000000000
111110000000000000000000000000000000
111111000000000000000000000000000000
111111100000000000000000000000000000
111111110000000000000000000000000000
111111111000000000000000000000000000
111111111100000000000000000000000000
111111111110000000000000000000000000
111111111111000000000000000000000000
111111111111100000000000000000000000
111111111111110000000000000000000000
111111111111111000000000000000000000
111111111111111100000000000000000000
111111111111111110000000000000000000
111111111111111111000000000000000000
111111111111111111100000000000000000
111111111111111111110000000000000000
111111111111111111111000000000000000
111111111111111111111100000000000000
111111111111111111111110000000000000
111111111111111111111111000000000000
111111111111111111111111100000000000
111111111111111111111111110000000000
111111111111111111111111111000000000
111111111111111111111111111100000000
111111111111111111111111111110000000
17
18
11
18
20
11
12
19
20
12
17
13
15
19
16
19
16
20
24
15
22
12
15
22
15
20
17
14
9
16
18
13
14
16
16
15
16
15
18
12
18
19
17
13
18
13
21
12
16
18
20
22
14
18
17
17
19
14
22
13
15
13
25
23
11
19
13
19
20
11
12
15
15
16
17
21
16
16
21
15
19
19
18
18
23
18
19
18
13
19
18
13
19
18
16
17
18
13
23
18
