8
0000000000000000000000000000
1000000000000000000000000000
1100000000000000000000000000
1110000000000000000000000000
1111000000000000000000000000
1111100000000000000000000000
1111110000000000000000000000
1111111000000000000000000000
1111111100000000000000000000
1111111110000000000000000000
1111111111000000000000000000
1111111111100000000000000000
1111111111110000000000000000
1111111111111000000000000000
1111111111111100000000000000
1111111111111110000000000000
1111111111111111000000000000
1111111111111111100000000000
1111111111111111110000000000
1111111111111111111000000000
1111111111111111111100000000
1111111111111111111110000000
1111111111111111111111000000
1111111111111111111111100000
1111111111111111111111110000
1111111111111111111111111000
1111111111111111111111111100
14
25
19
8
21
3
13
3
17
22
12
2
18
7
19
18
7
16
19
11
17
14
19
3
24
5
5
5
5
15
19
6
4
19
22
12
15
23
5
18
23
7
18
12
22
14
11
5
17
18
18
13
19
21
13
5
6
23
14
10
13
7
15
5
11
13
15
10
20
10
9
17
18
10
19
12
24
25
8
20
18
16
24
9
18
16
6
8
12
14
19
23
6
8
13
21
7
14
19
15
