7
000000000000000000000
100000000000000000000
110000000000000000000
111000000000000000000
111100000000000000000
111110000000000000000
111111000000000000000
111111100000000000000
111111110000000000000
111111111000000000000
111111111100000000000
111111111110000000000
111111111111000000000
111111111111100000000
111111111111110000000
111111111111111000000
111111111111111100000
111111111111111110000
7
11
8
8
8
9
3
10
12
9
5
9
15
5
12
13
8
9
9
11
9
7
13
14
15
12
11
12
9
14
6
11
8
11
10
6
12
5
8
13
15
8
13
10
9
15
7
10
10
8
15
15
12
10
8
12
11
10
10
11
8
11
12
8
11
8
5
6
7
8
13
11
6
14
12
13
10
13
10
10
11
10
17
7
11
12
8
11
12
11
9
10
11
9
12
15
8
9
12
8
