6
000000000000000
100000000000000
110000000000000
100000000100000
111000000000000
110001000000000
110000100000000
110000000000100
100000000100001
111100000000000
111001000000000
111000010000000
111000000000001
110001000000100
110000100100000
110000100010000
110000100000001
110000000000110
111110000000000
111101000000000
111100001000000
111001100000000
111001010000000
111001000000100
111001000000001
111000011000000
111000010010000
111000010001000
111000010000001
110001000000110
110000100100001
110000100010100
110000100010010
111111000000000
111101100000000
111101001000000
111101000000100
111101000000010
111100001001000
111001100100000
111001100010000
111001100000001
111001010001000
111001010000100
111001010000010
111001000000110
111001000000101
111000011010000
111000010010100
111000010010010
111000010010001
111000010001001
110001000000111
110000100010011
111111100000000
111111000000100
111101110000000
111101101000000
111101100100000
111101100010000
111101100001000
111101100000001
111101001001000
111101001000100
111101001000010
111101000000011
111100001001010
111001100100001
111001100010100
111001100010010
111001100010001
70
49
26
38
44
70
70
70
34
44
22
22
50
66
11
63
70
11
10
64
70
70
19
51
35
66
44
70
36
69
19
47
46
24
70
70
70
61
60
34
64
70
70
70
70
37
38
70
70
62
60
70
70
28
2
22
26
15
43
40
6
60
24
49
22
70
70
70
70
70
70
28
70
70
70
70
70
7
40
7
70
33
35
59
51
27
32
70
68
26
70
60
23
70
45
28
15
70
70
16
