7
000000000000000000000
100000000000000000000
110000000000000000000
111000000000000000000
111100000000000000000
111110000000000000000
111111000000000000000
111111100000000000000
111111110000000000000
111111111000000000000
111111111100000000000
111111111110000000000
111111111111000000000
111111111111100000000
111111111111110000000
111111111111111000000
111111111111111100000
111111111111111110000
111111111111111111000
111111111111111111100
12
12
6
8
9
13
6
13
11
11
7
9
9
8
8
13
9
9
8
10
13
12
8
10
10
5
12
10
11
10
9
7
14
9
14
12
10
11
11
11
10
9
10
9
11
13
8
9
9
11
11
16
15
8
9
13
11
8
10
13
7
6
6
9
12
5
13
10
8
9
11
8
8
14
12
12
9
11
13
15
13
17
9
11
9
8
11
8
13
11
7
8
14
11
11
17
9
12
6
6
