7
000000000000000000000
100000000000000000000
110000000000000000000
111000000000000000000
111100000000000000000
111110000000000000000
111111000000000000000
111111100000000000000
111111110000000000000
111111111000000000000
111111111100000000000
111111111110000000000
111111111111000000000
111111111111100000000
111111111111110000000
111111111111111000000
111111111111111100000
7
16
8
8
1
15
12
12
7
10
2
13
11
12
15
8
5
6
4
8
8
14
4
10
10
10
16
10
3
7
6
7
11
5
7
9
11
6
2
6
13
7
11
5
5
7
1
9
3
11
2
3
8
7
10
3
10
6
4
3
6
7
13
3
6
10
11
12
13
9
7
6
9
12
10
9
10
6
4
12
1
2
11
12
10
11
3
7
8
9
8
14
14
0
4
11
2
6
5
13
