29
0000000000000000000000000000000000000000000000000000000000000000000000000000000000000000000000000000000000000000000000000000000000000000000000000000000000000000000000000000000000000000000000000000000000000000000000000000000000000000000000000000000000000000000000000000000000000000000000000000000000000000000000000000000000000000000000000000000000000000000000000000000000000000000000000000000000000000000000
1111111111111111111111111111000000000000000000000000000000000000000000000000000000000000000000000000000000000000000000000000000000000000000000000000000000000000000000000000000000000000000000000000000000000000000000000000000000000000000000000000000000000000000000000000000000000000000000000000000000000000000000000000000000000000000000000000000000000000000000000000000000000000000000000000000000000000000000
1111111111111111111111111111111111111111111111111111111000000000000000000000000000000000000000000000000000000000000000000000000000000000000000000000000000000000000000000000000000000000000000000000000000000000000000000000000000000000000000000000000000000000000000000000000000000000000000000000000000000000000000000000000000000000000000000000000000000000000000000000000000000000000000000000000000000000000000
1111111111111111111111111111111111111111111111111111111111111111111111111111111110000000000000000000000000000000000000000000000000000000000000000000000000000000000000000000000000000000000000000000000000000000000000000000000000000000000000000000000000000000000000000000000000000000000000000000000000000000000000000000000000000000000000000000000000000000000000000000000000000000000000000000000000000000000000
1111111111111111111111111111111111111111111111111111111111111111111111111111111111111111111111111111111111000000000000000000000000000000000000000000000000000000000000000000000000000000000000000000000000000000000000000000000000000000000000000000000000000000000000000000000000000000000000000000000000000000000000000000000000000000000000000000000000000000000000000000000000000000000000000000000000000000000000
1111111111111111111111111111111111111111111111111111111111111111111111111111111111111111111111111111111111111111111111111111111111000000000000000000000000000000000000000000000000000000000000000000000000000000000000000000000000000000000000000000000000000000000000000000000000000000000000000000000000000000000000000000000000000000000000000000000000000000000000000000000000000000000000000000000000000000000000
1111111111111111111111111111111111111111111111111111111111111111111111111111111111111111111111111111111111111111111111111111111111111111111111111111111110000000000000000000000000000000000000000000000000000000000000000000000000000000000000000000000000000000000000000000000000000000000000000000000000000000000000000000000000000000000000000000000000000000000000000000000000000000000000000000000000000000000000
1111111111111111111111111111111111111111111111111111111111111111111111111111111111111111111111111111111111111111111111111111111111111111111111111111111111111111111111111111111000000000000000000000000000000000000000000000000000000000000000000000000000000000000000000000000000000000000000000000000000000000000000000000000000000000000000000000000000000000000000000000000000000000000000000000000000000000000000
1111111111111111111111111111111111111111111111111111111111111111111111111111111111111111111111111111111111111111111111111111111111111111111111111111111111111111111111111111111111111111111111111111000000000000000000000000000000000000000000000000000000000000000000000000000000000000000000000000000000000000000000000000000000000000000000000000000000000000000000000000000000000000000000000000000000000000000000
1111111111111111111111111111111111111111111111111111111111111111111111111111111111111111111111111111111111111111111111111111111111111111111111111111111111111111111111111111111111111111111111111111111111111111111111110000000000000000000000000000000000000000000000000000000000000000000000000000000000000000000000000000000000000000000000000000000000000000000000000000000000000000000000000000000000000000000000
1111111111111111111111111111111111111111111111111111111111111111111111111111111111111111111111111111111111111111111111111111111111111111111111111111111111111111111111111111111111111111111111111111111111111111111111111111111111111111111000000000000000000000000000000000000000000000000000000000000000000000000000000000000000000000000000000000000000000000000000000000000000000000000000000000000000000000000000
1111111111111111111111111111111111111111111111111111111111111111111111111111111111111111111111111111111111111111111111111111111111111111111111111111111111111111111111111111111111111111111111111111111111111111111111111111111111111111111111111111111111111000000000000000000000000000000000000000000000000000000000000000000000000000000000000000000000000000000000000000000000000000000000000000000000000000000000
1111111111111111111111111111111111111111111111111111111111111111111111111111111111111111111111111111111111111111111111111111111111111111111111111111111111111111111111111111111111111111111111111111111111111111111111111111111111111111111111111111111111111111111111111111110000000000000000000000000000000000000000000000000000000000000000000000000000000000000000000000000000000000000000000000000000000000000000
1111111111111111111111111111111111111111111111111111111111111111111111111111111111111111111111111111111111111111111111111111111111111111111111111111111111111111111111111111111111111111111111111111111111111111111111111111111111111111111111111111111111111111111111111111111111111111111111000000000000000000000000000000000000000000000000000000000000000000000000000000000000000000000000000000000000000000000000
1111111111111000000000000000111111111111000000000000000111111111110000000000000001111111111000000000000000111111111000000000000000111111110000000000000001111111000000000000000111111000000000000000111110000000000000001111000000000000000111000000000000000110000000000000001000000000000000000000000000000000000000000000000000000000000000000000000000000000000000000000000000000000000000000000000000000000000000
1111111111111100000000000000111111111111100000000000000111111111111000000000000001111111111100000000000000111111111100000000000000111111111000000000000001111111100000000000000111111100000000000000111111000000000000001111100000000000000111100000000000000111000000000000001100000000000000100000000000000000000000000000000000000000000000000000000000000000000000000000000000000000000000000000000000000000000000
1111111111111110000000000000111111111111110000000000000111111111111100000000000001111111111110000000000000111111111110000000000000111111111100000000000001111111110000000000000111111110000000000000111111100000000000001111110000000000000111110000000000000111100000000000001110000000000000110000000000000100000000000000000000000000000000000000000000000000000000000000000000000000000000000000000000000000000000
1111111111111111000000000000111111111111111000000000000111111111111110000000000001111111111111000000000000111111111111000000000000111111111110000000000001111111111000000000000111111111000000000000111111110000000000001111111000000000000111111000000000000111110000000000001111000000000000111000000000000110000000000001000000000000000000000000000000000000000000000000000000000000000000000000000000000000000000
1111111111111111100000000000111111111111111100000000000111111111111111000000000001111111111111100000000000111111111111100000000000111111111111000000000001111111111100000000000111111111100000000000111111111000000000001111111100000000000111111100000000000111111000000000001111100000000000111100000000000111000000000001100000000000100000000000000000000000000000000000000000000000000000000000000000000000000000
1111111111111111110000000000111111111111111110000000000111111111111111100000000001111111111111110000000000111111111111110000000000111111111111100000000001111111111110000000000111111111110000000000111111111100000000001111111110000000000111111110000000000111111100000000001111110000000000111110000000000111100000000001110000000000110000000000100000000000000000000000000000000000000000000000000000000000000000
1111111111111111111000000000111111111111111111000000000111111111111111110000000001111111111111111000000000111111111111111000000000111111111111110000000001111111111111000000000111111111111000000000111111111110000000001111111111000000000111111111000000000111111110000000001111111000000000111111000000000111110000000001111000000000111000000000110000000001000000000000000000000000000000000000000000000000000000
1111111111111111111100000000111111111111111111100000000111111111111111111000000001111111111111111100000000111111111111111100000000111111111111111000000001111111111111100000000111111111111100000000111111111111000000001111111111100000000111111111100000000111111111000000001111111100000000111111100000000111111000000001111100000000111100000000111000000001100000000100000000000000000000000000000000000000000000
1111111111111111111110000000111111111111111111110000000111111111111111111100000001111111111111111110000000111111111111111110000000111111111111111100000001111111111111110000000111111111111110000000111111111111100000001111111111110000000111111111110000000111111111100000001111111110000000111111110000000111111100000001111110000000111110000000111100000001110000000110000000100000000000000000000000000000000000
1111111111111111111111000000111111111111111111111000000111111111111111111110000001111111111111111111000000111111111111111111000000111111111111111110000001111111111111111000000111111111111111000000111111111111110000001111111111111000000111111111111000000111111111110000001111111111000000111111111000000111111110000001111111000000111111000000111110000001111000000111000000110000001000000000000000000000000000
1111111111111111111111100000111111111111111111111100000111111111111111111111000001111111111111111111100000111111111111111111100000111111111111111111000001111111111111111100000111111111111111100000111111111111111000001111111111111100000111111111111100000111111111111000001111111111100000111111111100000111111111000001111111100000111111100000111111000001111100000111100000111000001100000100000000000000000000
1111111111111111111111110000111111111111111111111110000111111111111111111111100001111111111111111111110000111111111111111111110000111111111111111111100001111111111111111110000111111111111111110000111111111111111100001111111111111110000111111111111110000111111111111100001111111111110000111111111110000111111111100001111111110000111111110000111111100001111110000111110000111100001110000110000100000000000000
1111111111111111111111111000111111111111111111111111000111111111111111111111110001111111111111111111111000111111111111111111111000111111111111111111110001111111111111111111000111111111111111111000111111111111111110001111111111111111000111111111111111000111111111111110001111111111111000111111111111000111111111110001111111111000111111111000111111110001111111000111111000111110001111000111000110001000000000
1111111111111111111111111100111111111111111111111111100111111111111111111111111001111111111111111111111100111111111111111111111100111111111111111111111001111111111111111111100111111111111111111100111111111111111111001111111111111111100111111111111111100111111111111111001111111111111100111111111111100111111111111001111111111100111111111100111111111001111111100111111100111111001111100111100111001100100000
1111111111111111111111111110111111111111111111111111110111111111111111111111111101111111111111111111111110111111111111111111111110111111111111111111111101111111111111111111110111111111111111111110111111111111111111101111111111111111110111111111111111110111111111111111101111111111111110111111111111110111111111111101111111111110111111111110111111111101111111110111111110111111101111110111110111101110110100
# [2, 2, 2, 4, 4, 5, 5, 5, 6, 6, 7, 7, 11, 13, 13, 13, 13, 14, 14, 14, 15, 15, 16, 16, 16, 17, 17, 17, 19]
# [0, 0, 0, 0, 0, 0, 0, 0, 0, 0, 0, 0, 16, 16, 16, 16, 16, 16, 16, 16, 16, 16, 16, 16, 16, 16, 16, 16, 16]
17
# [0, 1, 1, 2, 3, 3, 3, 4, 4, 4, 4, 5, 6, 7, 11, 11, 11, 12, 12, 12, 13, 13, 14, 14, 14, 14, 15, 15, 16]
# [0, 0, 0, 0, 0, 0, 0, 0, 0, 0, 0, 0, 0, 0, 14, 14, 14, 14, 14, 14, 14, 14, 14, 14, 14, 14, 14, 14, 14]
15
# [2, 3, 3, 3, 3, 4, 5, 6, 7, 7, 12, 15, 15, 16, 16, 16, 17, 17, 17, 17, 17, 17, 17, 18, 18, 18, 18, 19, 19]
# [0, 0, 0, 0, 0, 0, 0, 0, 0, 0, 18, 18, 18, 18, 18, 18, 18, 18, 18, 18, 18, 18, 18, 18, 18, 18, 18, 18, 18]
19
# [4, 5, 5, 18, 18, 18, 19, 19, 19, 19, 20, 21, 21, 21, 21, 21, 22, 22, 22, 22, 22, 22, 22, 22, 24, 24, 24, 24, 25]
# [0, 0, 0, 25, 25, 25, 25, 25, 25, 25, 25, 25, 25, 25, 25, 25, 25, 25, 25, 25, 25, 25, 25, 25, 25, 25, 25, 25, 25]
26
# [2, 3, 3, 3, 4, 4, 4, 5, 5, 5, 6, 7, 12, 12, 14, 14, 14, 14, 14, 14, 15, 15, 15, 15, 15, 15, 16, 16, 17]
# [0, 0, 0, 0, 0, 0, 0, 0, 0, 0, 0, 0, 16, 16, 16, 16, 16, 16, 16, 16, 16, 16, 16, 16, 16, 16, 16, 16, 16]
17
# [2, 4, 8, 8, 18, 18, 18, 19, 19, 19, 19, 20, 20, 20, 20, 21, 21, 21, 21, 21, 22, 22, 22, 22, 22, 22, 23, 24, 24]
# [0, 0, 0, 0, 24, 24, 24, 24, 24, 24, 24, 24, 24, 24, 24, 24, 24, 24, 24, 24, 24, 24, 24, 24, 24, 24, 24, 24, 24]
25
# [1, 3, 4, 5, 15, 16, 17, 17, 18, 19, 19, 19, 19, 19, 19, 20, 20, 20, 20, 20, 20, 20, 21, 21, 21, 21, 21, 21, 22]
# [0, 0, 0, 0, 24, 24, 24, 24, 24, 24, 24, 24, 24, 24, 24, 24, 24, 24, 24, 24, 24, 24, 24, 24, 24, 24, 24, 24, 24]
25
# [3, 3, 5, 6, 7, 8, 14, 14, 15, 15, 15, 17, 17, 17, 17, 17, 17, 18, 18, 19, 19, 19, 20, 20, 21, 21, 21, 22, 23]
# [0, 0, 0, 0, 0, 0, 22, 22, 22, 22, 22, 22, 22, 22, 22, 22, 22, 22, 22, 22, 22, 22, 22, 22, 22, 22, 22, 22, 22]
23
# [1, 1, 2, 4, 4, 5, 6, 6, 7, 7, 14, 15, 15, 15, 15, 16, 16, 16, 16, 17, 17, 17, 17, 18, 18, 19, 19, 19, 20]
# [0, 0, 0, 0, 0, 0, 0, 0, 0, 0, 18, 18, 18, 18, 18, 18, 18, 18, 18, 18, 18, 18, 18, 18, 18, 18, 18, 18, 18]
19
# [3, 3, 4, 4, 5, 5, 5, 5, 5, 6, 6, 6, 6, 7, 7, 7, 7, 7, 8, 8, 8, 8, 8, 9, 9, 22, 24, 25, 25]
# [4, 4, 4, 4, 4, 4, 4, 4, 4, 4, 4, 4, 4, 4, 4, 4, 4, 4, 4, 4, 4, 4, 4, 4, 4, 28, 28, 28, 28]
4
# [2, 2, 3, 3, 3, 4, 4, 5, 6, 7, 15, 15, 15, 16, 16, 17, 17, 17, 17, 18, 18, 18, 18, 18, 18, 18, 18, 19, 19]
# [0, 0, 0, 0, 0, 0, 0, 0, 0, 0, 18, 18, 18, 18, 18, 18, 18, 18, 18, 18, 18, 18, 18, 18, 18, 18, 18, 18, 18]
19
# [8, 9, 10, 10, 10, 11, 11, 11, 11, 11, 11, 12, 12, 12, 12, 13, 13, 14, 14, 21, 21, 21, 22, 22, 23, 24, 24, 25, 26]
# [10, 10, 10, 10, 10, 10, 10, 10, 10, 10, 10, 10, 10, 10, 10, 10, 10, 10, 10, 28, 28, 28, 28, 28, 28, 28, 28, 28, 28]
10
# [7, 8, 8, 9, 9, 10, 10, 10, 11, 11, 11, 11, 11, 12, 12, 12, 12, 13, 13, 13, 14, 22, 23, 23, 23, 23, 24, 24, 25]
# [8, 8, 8, 8, 8, 8, 8, 8, 8, 8, 8, 8, 8, 8, 8, 8, 8, 8, 8, 8, 8, 28, 28, 28, 28, 28, 28, 28, 28]
8
# [5, 6, 6, 8, 8, 8, 9, 9, 10, 10, 10, 11, 11, 11, 11, 11, 12, 12, 12, 12, 13, 20, 23, 24, 24, 24, 25, 25, 26]
# [8, 8, 8, 8, 8, 8, 8, 8, 8, 8, 8, 8, 8, 8, 8, 8, 8, 8, 8, 8, 8, 28, 28, 28, 28, 28, 28, 28, 28]
8
# [2, 2, 2, 2, 3, 5, 5, 8, 14, 16, 16, 16, 17, 17, 17, 17, 17, 17, 17, 18, 18, 19, 19, 20, 20, 20, 20, 20, 20]
# [0, 0, 0, 0, 0, 0, 0, 0, 20, 20, 20, 20, 20, 20, 20, 20, 20, 20, 20, 20, 20, 20, 20, 20, 20, 20, 20, 20, 20]
21
# [1, 1, 2, 2, 2, 3, 4, 4, 5, 5, 5, 6, 7, 7, 7, 10, 11, 11, 11, 12, 13, 13, 13, 13, 14, 14, 15, 16, 17]
# [0, 0, 0, 0, 0, 0, 0, 0, 0, 0, 0, 0, 0, 0, 0, 13, 13, 13, 13, 13, 13, 13, 13, 13, 13, 13, 13, 13, 13]
14
# [2, 3, 3, 5, 5, 5, 6, 8, 15, 15, 16, 17, 17, 17, 17, 18, 18, 19, 19, 19, 20, 20, 20, 20, 20, 20, 20, 21, 21]
# [0, 0, 0, 0, 0, 0, 0, 0, 20, 20, 20, 20, 20, 20, 20, 20, 20, 20, 20, 20, 20, 20, 20, 20, 20, 20, 20, 20, 20]
21
# [2, 2, 5, 5, 18, 19, 19, 19, 20, 20, 20, 20, 20, 20, 20, 21, 21, 21, 21, 21, 22, 22, 22, 22, 23, 23, 24, 24, 24]
# [0, 0, 0, 0, 24, 24, 24, 24, 24, 24, 24, 24, 24, 24, 24, 24, 24, 24, 24, 24, 24, 24, 24, 24, 24, 24, 24, 24, 24]
25
# [4, 6, 6, 7, 7, 7, 7, 7, 8, 8, 9, 9, 9, 10, 10, 10, 10, 10, 10, 11, 11, 12, 13, 21, 21, 22, 25, 26, 28]
# [6, 6, 6, 6, 6, 6, 6, 6, 6, 6, 6, 6, 6, 6, 6, 6, 6, 6, 6, 6, 6, 6, 6, 28, 28, 28, 28, 28, 28]
6
# [6, 6, 6, 7, 7, 7, 7, 8, 8, 9, 9, 9, 9, 9, 10, 10, 10, 11, 11, 11, 11, 12, 19, 22, 22, 22, 23, 25, 26]
# [7, 7, 7, 7, 7, 7, 7, 7, 7, 7, 7, 7, 7, 7, 7, 7, 7, 7, 7, 7, 7, 7, 28, 28, 28, 28, 28, 28, 28]
7
# [1, 4, 4, 5, 6, 9, 16, 16, 16, 17, 18, 18, 18, 19, 19, 20, 20, 20, 20, 20, 21, 21, 21, 21, 21, 21, 22, 23, 23]
# [0, 0, 0, 0, 0, 0, 22, 22, 22, 22, 22, 22, 22, 22, 22, 22, 22, 22, 22, 22, 22, 22, 22, 22, 22, 22, 22, 22, 22]
23
# [11, 11, 11, 12, 12, 12, 12, 12, 13, 13, 13, 13, 14, 15, 15, 15, 16, 19, 20, 20, 21, 21, 22, 23, 23, 24, 24, 25, 26]
# [12, 12, 12, 12, 12, 12, 12, 12, 12, 12, 12, 12, 12, 12, 12, 12, 12, 28, 28, 28, 28, 28, 28, 28, 28, 28, 28, 28, 28]
12
# [6, 7, 7, 7, 7, 8, 8, 8, 8, 8, 8, 8, 9, 9, 9, 9, 10, 10, 10, 10, 11, 11, 11, 11, 22, 23, 25, 25, 27]
# [5, 5, 5, 5, 5, 5, 5, 5, 5, 5, 5, 5, 5, 5, 5, 5, 5, 5, 5, 5, 5, 5, 5, 5, 28, 28, 28, 28, 28]
5
# [2, 3, 3, 3, 3, 3, 4, 4, 4, 5, 6, 7, 8, 11, 12, 12, 13, 13, 14, 14, 14, 15, 15, 16, 16, 17, 17, 17, 19]
# [0, 0, 0, 0, 0, 0, 0, 0, 0, 0, 0, 0, 0, 15, 15, 15, 15, 15, 15, 15, 15, 15, 15, 15, 15, 15, 15, 15, 15]
16
# [3, 5, 5, 5, 6, 6, 6, 6, 7, 7, 7, 7, 7, 7, 8, 8, 8, 8, 9, 9, 9, 9, 9, 10, 22, 22, 23, 24, 24]
# [5, 5, 5, 5, 5, 5, 5, 5, 5, 5, 5, 5, 5, 5, 5, 5, 5, 5, 5, 5, 5, 5, 5, 5, 28, 28, 28, 28, 28]
5
# [8, 9, 9, 10, 10, 11, 11, 12, 12, 12, 12, 12, 12, 13, 13, 14, 15, 17, 21, 21, 22, 23, 23, 23, 23, 24, 25, 25, 26]
# [11, 11, 11, 11, 11, 11, 11, 11, 11, 11, 11, 11, 11, 11, 11, 11, 11, 11, 28, 28, 28, 28, 28, 28, 28, 28, 28, 28, 28]
11
# [2, 3, 3, 3, 3, 3, 4, 5, 5, 5, 6, 6, 8, 10, 11, 12, 12, 12, 13, 13, 13, 14, 14, 14, 15, 15, 15, 15, 16]
# [0, 0, 0, 0, 0, 0, 0, 0, 0, 0, 0, 0, 0, 15, 15, 15, 15, 15, 15, 15, 15, 15, 15, 15, 15, 15, 15, 15, 15]
16
# [3, 3, 3, 3, 4, 5, 5, 5, 5, 6, 6, 6, 6, 13, 13, 13, 13, 14, 14, 15, 15, 15, 16, 16, 17, 17, 17, 18, 18]
# [0, 0, 0, 0, 0, 0, 0, 0, 0, 0, 0, 0, 0, 15, 15, 15, 15, 15, 15, 15, 15, 15, 15, 15, 15, 15, 15, 15, 15]
16
# [9, 9, 9, 10, 10, 10, 10, 11, 11, 11, 11, 11, 12, 12, 12, 13, 13, 13, 15, 20, 22, 24, 24, 24, 24, 25, 25, 25, 25]
# [10, 10, 10, 10, 10, 10, 10, 10, 10, 10, 10, 10, 10, 10, 10, 10, 10, 10, 10, 28, 28, 28, 28, 28, 28, 28, 28, 28, 28]
10
# [1, 3, 3, 3, 4, 4, 5, 5, 7, 7, 7, 8, 8, 12, 12, 12, 12, 13, 13, 14, 14, 14, 14, 14, 15, 15, 16, 19, 20]
# [0, 0, 0, 0, 0, 0, 0, 0, 0, 0, 0, 0, 0, 15, 15, 15, 15, 15, 15, 15, 15, 15, 15, 15, 15, 15, 15, 15, 15]
16
# [1, 2, 2, 2, 3, 3, 3, 4, 4, 4, 4, 5, 5, 7, 11, 11, 12, 12, 13, 13, 13, 13, 14, 14, 14, 14, 14, 15, 16]
# [0, 0, 0, 0, 0, 0, 0, 0, 0, 0, 0, 0, 0, 0, 14, 14, 14, 14, 14, 14, 14, 14, 14, 14, 14, 14, 14, 14, 14]
15
# [1, 2, 3, 3, 3, 3, 4, 4, 4, 4, 5, 5, 5, 5, 5, 5, 6, 6, 6, 7, 7, 7, 7, 8, 8, 9, 12, 14, 24]
# [3, 3, 3, 3, 3, 3, 3, 3, 3, 3, 3, 3, 3, 3, 3, 3, 3, 3, 3, 3, 3, 3, 3, 3, 3, 3, 28, 28, 28]
3
# [8, 9, 9, 10, 10, 10, 10, 11, 11, 11, 11, 11, 11, 12, 12, 13, 13, 13, 13, 22, 23, 23, 23, 23, 24, 24, 25, 26, 27]
# [10, 10, 10, 10, 10, 10, 10, 10, 10, 10, 10, 10, 10, 10, 10, 10, 10, 10, 10, 28, 28, 28, 28, 28, 28, 28, 28, 28, 28]
10
# [11, 11, 11, 12, 12, 12, 12, 12, 12, 13, 13, 13, 13, 14, 14, 15, 18, 20, 20, 21, 22, 23, 23, 23, 24, 24, 25, 25, 26]
# [13, 13, 13, 13, 13, 13, 13, 13, 13, 13, 13, 13, 13, 13, 13, 13, 28, 28, 28, 28, 28, 28, 28, 28, 28, 28, 28, 28, 28]
13
# [1, 2, 2, 3, 3, 3, 4, 5, 6, 6, 6, 7, 12, 13, 13, 13, 15, 15, 15, 15, 15, 16, 16, 16, 16, 16, 17, 17, 18]
# [0, 0, 0, 0, 0, 0, 0, 0, 0, 0, 0, 0, 16, 16, 16, 16, 16, 16, 16, 16, 16, 16, 16, 16, 16, 16, 16, 16, 16]
17
# [5, 5, 6, 6, 6, 6, 6, 6, 7, 7, 7, 7, 7, 7, 7, 8, 8, 8, 8, 9, 9, 9, 11, 12, 12, 23, 23, 24, 25]
# [4, 4, 4, 4, 4, 4, 4, 4, 4, 4, 4, 4, 4, 4, 4, 4, 4, 4, 4, 4, 4, 4, 4, 4, 4, 28, 28, 28, 28]
4
# [9, 10, 10, 10, 10, 10, 11, 11, 11, 12, 12, 12, 12, 12, 12, 12, 13, 13, 13, 20, 22, 23, 24, 24, 24, 24, 26, 27, 27]
# [10, 10, 10, 10, 10, 10, 10, 10, 10, 10, 10, 10, 10, 10, 10, 10, 10, 10, 10, 28, 28, 28, 28, 28, 28, 28, 28, 28, 28]
10
# [2, 2, 3, 3, 4, 4, 5, 6, 6, 6, 7, 8, 12, 14, 14, 14, 15, 15, 15, 15, 15, 15, 16, 16, 16, 17, 17, 18, 18]
# [0, 0, 0, 0, 0, 0, 0, 0, 0, 0, 0, 0, 16, 16, 16, 16, 16, 16, 16, 16, 16, 16, 16, 16, 16, 16, 16, 16, 16]
17
# [4, 18, 20, 20, 20, 21, 21, 21, 22, 22, 22, 22, 23, 23, 23, 23, 23, 24, 24, 24, 24, 24, 25, 25, 26, 26, 26, 27, 27]
# [0, 27, 27, 27, 27, 27, 27, 27, 27, 27, 27, 27, 27, 27, 27, 27, 27, 27, 27, 27, 27, 27, 27, 27, 27, 27, 27, 27, 27]
28
# [10, 11, 11, 12, 12, 12, 13, 13, 13, 13, 14, 14, 14, 14, 14, 15, 20, 21, 22, 23, 24, 24, 25, 25, 25, 25, 25, 26, 26]
# [13, 13, 13, 13, 13, 13, 13, 13, 13, 13, 13, 13, 13, 13, 13, 13, 28, 28, 28, 28, 28, 28, 28, 28, 28, 28, 28, 28, 28]
13
# [0, 1, 3, 4, 4, 6, 6, 6, 6, 6, 7, 8, 12, 13, 13, 13, 13, 14, 14, 15, 16, 16, 17, 17, 17, 17, 18, 19, 19]
# [0, 0, 0, 0, 0, 0, 0, 0, 0, 0, 0, 0, 16, 16, 16, 16, 16, 16, 16, 16, 16, 16, 16, 16, 16, 16, 16, 16, 16]
17
# [2, 3, 3, 3, 4, 4, 4, 4, 5, 5, 5, 6, 7, 12, 13, 13, 13, 14, 14, 14, 14, 15, 15, 15, 16, 17, 18, 19, 19]
# [0, 0, 0, 0, 0, 0, 0, 0, 0, 0, 0, 0, 0, 15, 15, 15, 15, 15, 15, 15, 15, 15, 15, 15, 15, 15, 15, 15, 15]
16
# [2, 3, 3, 3, 3, 4, 4, 5, 5, 5, 7, 7, 8, 8, 12, 12, 13, 13, 13, 14, 14, 15, 15, 16, 16, 16, 17, 17, 20]
# [0, 0, 0, 0, 0, 0, 0, 0, 0, 0, 0, 0, 0, 0, 14, 14, 14, 14, 14, 14, 14, 14, 14, 14, 14, 14, 14, 14, 14]
15
# [2, 3, 3, 3, 4, 4, 5, 5, 5, 5, 7, 8, 8, 13, 13, 13, 14, 14, 14, 14, 15, 15, 15, 15, 16, 17, 17, 18, 19]
# [0, 0, 0, 0, 0, 0, 0, 0, 0, 0, 0, 0, 0, 15, 15, 15, 15, 15, 15, 15, 15, 15, 15, 15, 15, 15, 15, 15, 15]
16
# [3, 3, 3, 3, 4, 4, 4, 4, 5, 5, 5, 5, 5, 5, 5, 5, 6, 6, 6, 6, 6, 6, 6, 7, 7, 7, 7, 7, 23]
# [1, 1, 1, 1, 1, 1, 1, 1, 1, 1, 1, 1, 1, 1, 1, 1, 1, 1, 1, 1, 1, 1, 1, 1, 1, 1, 1, 1, 28]
1
# [6, 10, 19, 19, 20, 21, 21, 21, 21, 21, 22, 22, 22, 22, 22, 23, 23, 23, 23, 23, 23, 23, 24, 24, 24, 24, 25, 25, 26]
# [0, 0, 26, 26, 26, 26, 26, 26, 26, 26, 26, 26, 26, 26, 26, 26, 26, 26, 26, 26, 26, 26, 26, 26, 26, 26, 26, 26, 26]
27
# [1, 1, 2, 2, 2, 3, 3, 3, 3, 3, 4, 4, 4, 4, 4, 4, 4, 5, 5, 5, 5, 5, 6, 6, 6, 6, 6, 8, 10]
# [0, 0, 0, 0, 0, 0, 0, 0, 0, 0, 0, 0, 0, 0, 0, 0, 0, 0, 0, 0, 0, 0, 0, 0, 0, 0, 0, 0, 0]
0
# [1, 2, 3, 4, 4, 4, 5, 5, 5, 6, 6, 7, 14, 14, 14, 15, 15, 15, 16, 16, 16, 16, 16, 17, 17, 17, 17, 18, 21]
# [0, 0, 0, 0, 0, 0, 0, 0, 0, 0, 0, 0, 16, 16, 16, 16, 16, 16, 16, 16, 16, 16, 16, 16, 16, 16, 16, 16, 16]
17
# [5, 5, 5, 6, 6, 6, 7, 8, 8, 8, 8, 8, 8, 9, 9, 9, 9, 10, 10, 11, 11, 11, 11, 19, 23, 23, 24, 24, 25]
# [6, 6, 6, 6, 6, 6, 6, 6, 6, 6, 6, 6, 6, 6, 6, 6, 6, 6, 6, 6, 6, 6, 6, 28, 28, 28, 28, 28, 28]
6
# [2, 3, 3, 4, 5, 5, 6, 6, 7, 8, 14, 15, 16, 16, 16, 16, 17, 17, 18, 18, 18, 18, 18, 19, 19, 20, 20, 21, 21]
# [0, 0, 0, 0, 0, 0, 0, 0, 0, 0, 18, 18, 18, 18, 18, 18, 18, 18, 18, 18, 18, 18, 18, 18, 18, 18, 18, 18, 18]
19
# [0, 1, 2, 3, 3, 3, 3, 4, 5, 5, 5, 7, 11, 13, 13, 13, 14, 14, 15, 15, 15, 15, 15, 16, 16, 16, 16, 16, 18]
# [0, 0, 0, 0, 0, 0, 0, 0, 0, 0, 0, 0, 16, 16, 16, 16, 16, 16, 16, 16, 16, 16, 16, 16, 16, 16, 16, 16, 16]
17
# [1, 3, 3, 3, 4, 4, 4, 5, 5, 5, 5, 5, 5, 6, 7, 12, 12, 13, 13, 13, 13, 15, 15, 15, 15, 15, 16, 16, 16]
# [0, 0, 0, 0, 0, 0, 0, 0, 0, 0, 0, 0, 0, 0, 0, 13, 13, 13, 13, 13, 13, 13, 13, 13, 13, 13, 13, 13, 13]
14
# [2, 5, 17, 17, 18, 19, 19, 19, 19, 20, 20, 20, 20, 20, 20, 21, 21, 22, 22, 22, 22, 22, 23, 23, 23, 23, 25, 25, 25]
# [0, 0, 26, 26, 26, 26, 26, 26, 26, 26, 26, 26, 26, 26, 26, 26, 26, 26, 26, 26, 26, 26, 26, 26, 26, 26, 26, 26, 26]
27
# [3, 3, 4, 4, 5, 5, 5, 5, 5, 6, 6, 7, 7, 7, 7, 7, 7, 8, 8, 8, 8, 8, 8, 10, 10, 12, 23, 25, 25]
# [3, 3, 3, 3, 3, 3, 3, 3, 3, 3, 3, 3, 3, 3, 3, 3, 3, 3, 3, 3, 3, 3, 3, 3, 3, 3, 28, 28, 28]
3
# [2, 5, 19, 19, 20, 20, 21, 21, 21, 21, 22, 22, 22, 22, 22, 22, 23, 23, 23, 23, 24, 24, 24, 24, 24, 24, 25, 25, 25]
# [0, 0, 26, 26, 26, 26, 26, 26, 26, 26, 26, 26, 26, 26, 26, 26, 26, 26, 26, 26, 26, 26, 26, 26, 26, 26, 26, 26, 26]
27
# [10, 11, 11, 11, 12, 12, 12, 12, 12, 13, 13, 13, 13, 13, 14, 14, 15, 21, 22, 23, 23, 24, 24, 24, 25, 25, 26, 26, 28]
# [12, 12, 12, 12, 12, 12, 12, 12, 12, 12, 12, 12, 12, 12, 12, 12, 12, 28, 28, 28, 28, 28, 28, 28, 28, 28, 28, 28, 28]
12
# [9, 10, 11, 11, 12, 12, 12, 12, 12, 12, 12, 13, 14, 14, 14, 14, 17, 20, 22, 23, 23, 23, 23, 24, 24, 24, 24, 25, 26]
# [12, 12, 12, 12, 12, 12, 12, 12, 12, 12, 12, 12, 12, 12, 12, 12, 12, 28, 28, 28, 28, 28, 28, 28, 28, 28, 28, 28, 28]
12
# [1, 2, 2, 3, 5, 5, 7, 15, 16, 16, 16, 17, 17, 18, 18, 18, 19, 19, 19, 19, 19, 19, 20, 20, 20, 20, 20, 21, 23]
# [0, 0, 0, 0, 0, 0, 0, 21, 21, 21, 21, 21, 21, 21, 21, 21, 21, 21, 21, 21, 21, 21, 21, 21, 21, 21, 21, 21, 21]
22
# [3, 3, 4, 4, 4, 16, 17, 17, 19, 19, 19, 19, 19, 20, 20, 20, 20, 21, 21, 21, 22, 22, 22, 22, 22, 22, 22, 22, 22]
# [0, 0, 0, 0, 0, 23, 23, 23, 23, 23, 23, 23, 23, 23, 23, 23, 23, 23, 23, 23, 23, 23, 23, 23, 23, 23, 23, 23, 23]
24
# [0, 2, 2, 3, 3, 4, 4, 5, 5, 6, 6, 6, 6, 6, 8, 9, 11, 11, 12, 12, 12, 14, 14, 14, 14, 15, 15, 15, 18]
# [0, 0, 0, 0, 0, 0, 0, 0, 0, 0, 0, 0, 0, 0, 0, 13, 13, 13, 13, 13, 13, 13, 13, 13, 13, 13, 13, 13, 13]
14
# [3, 4, 4, 4, 4, 5, 5, 5, 5, 5, 5, 6, 6, 7, 7, 7, 7, 7, 7, 7, 7, 7, 8, 8, 8, 9, 9, 10, 24]
# [1, 1, 1, 1, 1, 1, 1, 1, 1, 1, 1, 1, 1, 1, 1, 1, 1, 1, 1, 1, 1, 1, 1, 1, 1, 1, 1, 1, 28]
1
# [3, 3, 4, 4, 4, 5, 5, 5, 6, 6, 6, 6, 6, 6, 6, 7, 7, 7, 7, 8, 8, 8, 8, 8, 8, 9, 22, 22, 24]
# [3, 3, 3, 3, 3, 3, 3, 3, 3, 3, 3, 3, 3, 3, 3, 3, 3, 3, 3, 3, 3, 3, 3, 3, 3, 3, 28, 28, 28]
3
# [1, 1, 2, 3, 3, 4, 5, 5, 5, 5, 6, 7, 12, 13, 13, 13, 15, 15, 15, 15, 15, 15, 16, 16, 18, 18, 18, 19, 19]
# [0, 0, 0, 0, 0, 0, 0, 0, 0, 0, 0, 0, 16, 16, 16, 16, 16, 16, 16, 16, 16, 16, 16, 16, 16, 16, 16, 16, 16]
17
# [4, 4, 4, 5, 5, 5, 15, 15, 16, 17, 17, 17, 18, 18, 18, 18, 19, 19, 19, 19, 20, 20, 20, 20, 21, 21, 21, 21, 22]
# [0, 0, 0, 0, 0, 0, 22, 22, 22, 22, 22, 22, 22, 22, 22, 22, 22, 22, 22, 22, 22, 22, 22, 22, 22, 22, 22, 22, 22]
23
# [2, 3, 3, 4, 4, 4, 4, 5, 5, 5, 5, 6, 6, 6, 6, 7, 7, 7, 7, 7, 8, 8, 8, 9, 9, 9, 10, 23, 25]
# [2, 2, 2, 2, 2, 2, 2, 2, 2, 2, 2, 2, 2, 2, 2, 2, 2, 2, 2, 2, 2, 2, 2, 2, 2, 2, 2, 28, 28]
2
# [5, 6, 6, 7, 7, 7, 7, 7, 8, 8, 8, 8, 8, 9, 9, 9, 9, 9, 9, 10, 10, 11, 13, 20, 21, 22, 23, 24, 26]
# [6, 6, 6, 6, 6, 6, 6, 6, 6, 6, 6, 6, 6, 6, 6, 6, 6, 6, 6, 6, 6, 6, 6, 28, 28, 28, 28, 28, 28]
6
# [5, 18, 18, 20, 20, 22, 22, 22, 23, 23, 23, 23, 23, 23, 23, 23, 23, 23, 23, 24, 24, 24, 24, 25, 25, 25, 25, 25, 27]
# [0, 27, 27, 27, 27, 27, 27, 27, 27, 27, 27, 27, 27, 27, 27, 27, 27, 27, 27, 27, 27, 27, 27, 27, 27, 27, 27, 27, 27]
28
# [1, 3, 5, 5, 5, 5, 5, 6, 6, 7, 7, 12, 13, 13, 14, 15, 15, 16, 16, 17, 17, 17, 18, 18, 18, 19, 19, 19, 19]
# [0, 0, 0, 0, 0, 0, 0, 0, 0, 0, 0, 17, 17, 17, 17, 17, 17, 17, 17, 17, 17, 17, 17, 17, 17, 17, 17, 17, 17]
18
# [6, 7, 7, 7, 7, 7, 9, 9, 9, 9, 9, 9, 10, 10, 10, 10, 10, 11, 12, 12, 13, 14, 20, 22, 23, 24, 25, 25, 26]
# [7, 7, 7, 7, 7, 7, 7, 7, 7, 7, 7, 7, 7, 7, 7, 7, 7, 7, 7, 7, 7, 7, 28, 28, 28, 28, 28, 28, 28]
7
# [6, 7, 7, 7, 7, 7, 7, 8, 8, 8, 8, 9, 9, 9, 9, 9, 10, 10, 10, 10, 10, 13, 13, 23, 24, 26, 27, 27, 28]
# [6, 6, 6, 6, 6, 6, 6, 6, 6, 6, 6, 6, 6, 6, 6, 6, 6, 6, 6, 6, 6, 6, 6, 28, 28, 28, 28, 28, 28]
6
# [3, 5, 5, 5, 5, 5, 6, 6, 6, 6, 6, 6, 6, 6, 6, 6, 7, 7, 7, 7, 8, 8, 8, 8, 10, 21, 24, 24, 25]
# [4, 4, 4, 4, 4, 4, 4, 4, 4, 4, 4, 4, 4, 4, 4, 4, 4, 4, 4, 4, 4, 4, 4, 4, 4, 28, 28, 28, 28]
4
# [4, 5, 19, 20, 21, 22, 22, 22, 22, 22, 23, 23, 23, 23, 23, 23, 23, 23, 24, 24, 24, 24, 24, 24, 24, 25, 25, 25, 26]
# [0, 0, 26, 26, 26, 26, 26, 26, 26, 26, 26, 26, 26, 26, 26, 26, 26, 26, 26, 26, 26, 26, 26, 26, 26, 26, 26, 26, 26]
27
# [8, 9, 9, 9, 9, 10, 10, 10, 10, 11, 11, 11, 11, 12, 12, 13, 13, 14, 14, 16, 21, 23, 23, 24, 24, 25, 25, 26, 27]
# [9, 9, 9, 9, 9, 9, 9, 9, 9, 9, 9, 9, 9, 9, 9, 9, 9, 9, 9, 9, 28, 28, 28, 28, 28, 28, 28, 28, 28]
9
# [1, 1, 3, 3, 4, 4, 4, 4, 4, 4, 4, 5, 6, 6, 6, 7, 7, 7, 7, 7, 8, 8, 8, 8, 8, 10, 10, 23, 23]
# [2, 2, 2, 2, 2, 2, 2, 2, 2, 2, 2, 2, 2, 2, 2, 2, 2, 2, 2, 2, 2, 2, 2, 2, 2, 2, 2, 28, 28]
2
# [6, 8, 9, 9, 9, 9, 9, 9, 9, 10, 10, 10, 10, 10, 11, 11, 11, 11, 12, 12, 13, 21, 22, 23, 23, 23, 24, 25, 25]
# [8, 8, 8, 8, 8, 8, 8, 8, 8, 8, 8, 8, 8, 8, 8, 8, 8, 8, 8, 8, 8, 28, 28, 28, 28, 28, 28, 28, 28]
8
# [6, 6, 7, 7, 8, 8, 8, 8, 9, 9, 9, 10, 10, 10, 11, 11, 11, 11, 11, 11, 11, 12, 13, 24, 24, 25, 25, 25, 26]
# [6, 6, 6, 6, 6, 6, 6, 6, 6, 6, 6, 6, 6, 6, 6, 6, 6, 6, 6, 6, 6, 6, 6, 28, 28, 28, 28, 28, 28]
6
# [3, 3, 4, 6, 19, 19, 19, 20, 20, 20, 20, 20, 20, 21, 21, 21, 21, 21, 21, 22, 22, 22, 22, 22, 22, 23, 24, 24, 24]
# [0, 0, 0, 0, 24, 24, 24, 24, 24, 24, 24, 24, 24, 24, 24, 24, 24, 24, 24, 24, 24, 24, 24, 24, 24, 24, 24, 24, 24]
25
# [5, 5, 5, 5, 7, 7, 8, 8, 8, 9, 9, 10, 10, 10, 10, 10, 10, 10, 10, 12, 12, 12, 13, 21, 23, 23, 24, 24, 26]
# [6, 6, 6, 6, 6, 6, 6, 6, 6, 6, 6, 6, 6, 6, 6, 6, 6, 6, 6, 6, 6, 6, 6, 28, 28, 28, 28, 28, 28]
6
# [1, 1, 2, 3, 3, 3, 3, 3, 4, 4, 5, 5, 6, 8, 10, 11, 12, 12, 13, 13, 13, 13, 13, 14, 14, 15, 16, 17, 17]
# [0, 0, 0, 0, 0, 0, 0, 0, 0, 0, 0, 0, 0, 0, 14, 14, 14, 14, 14, 14, 14, 14, 14, 14, 14, 14, 14, 14, 14]
15
# [3, 3, 4, 5, 5, 6, 6, 8, 15, 15, 17, 17, 17, 17, 17, 17, 18, 18, 18, 18, 19, 19, 19, 20, 20, 20, 21, 21, 25]
# [0, 0, 0, 0, 0, 0, 0, 0, 20, 20, 20, 20, 20, 20, 20, 20, 20, 20, 20, 20, 20, 20, 20, 20, 20, 20, 20, 20, 20]
21
# [2, 2, 2, 3, 3, 3, 4, 4, 4, 4, 4, 4, 4, 4, 5, 5, 5, 5, 5, 5, 5, 6, 6, 6, 6, 7, 7, 8, 24]
# [1, 1, 1, 1, 1, 1, 1, 1, 1, 1, 1, 1, 1, 1, 1, 1, 1, 1, 1, 1, 1, 1, 1, 1, 1, 1, 1, 1, 28]
1
# [2, 2, 2, 3, 5, 6, 16, 17, 17, 17, 17, 17, 18, 19, 19, 19, 19, 19, 19, 19, 20, 20, 20, 21, 21, 21, 23, 23, 23]
# [0, 0, 0, 0, 0, 0, 22, 22, 22, 22, 22, 22, 22, 22, 22, 22, 22, 22, 22, 22, 22, 22, 22, 22, 22, 22, 22, 22, 22]
23
# [5, 7, 7, 7, 8, 8, 8, 8, 8, 8, 9, 9, 9, 9, 9, 9, 10, 10, 10, 10, 13, 22, 22, 23, 23, 24, 25, 26, 26]
# [8, 8, 8, 8, 8, 8, 8, 8, 8, 8, 8, 8, 8, 8, 8, 8, 8, 8, 8, 8, 8, 28, 28, 28, 28, 28, 28, 28, 28]
8
# [1, 2, 2, 2, 3, 3, 3, 3, 3, 3, 4, 13, 13, 14, 14, 14, 15, 15, 15, 15, 15, 15, 16, 16, 16, 16, 17, 17, 21]
# [0, 0, 0, 0, 0, 0, 0, 0, 0, 0, 0, 17, 17, 17, 17, 17, 17, 17, 17, 17, 17, 17, 17, 17, 17, 17, 17, 17, 17]
18
# [9, 10, 10, 10, 10, 11, 11, 12, 12, 13, 13, 13, 13, 13, 13, 14, 15, 20, 20, 20, 21, 21, 22, 22, 23, 24, 25, 25, 25]
# [12, 12, 12, 12, 12, 12, 12, 12, 12, 12, 12, 12, 12, 12, 12, 12, 12, 28, 28, 28, 28, 28, 28, 28, 28, 28, 28, 28, 28]
12
# [1, 2, 2, 2, 2, 3, 4, 5, 6, 16, 16, 16, 16, 16, 17, 17, 17, 17, 17, 17, 18, 18, 18, 18, 18, 19, 19, 19, 20]
# [0, 0, 0, 0, 0, 0, 0, 0, 0, 19, 19, 19, 19, 19, 19, 19, 19, 19, 19, 19, 19, 19, 19, 19, 19, 19, 19, 19, 19]
20
# [10, 11, 11, 12, 12, 12, 13, 14, 14, 14, 14, 14, 15, 15, 16, 16, 17, 22, 22, 22, 23, 23, 23, 25, 25, 26, 26, 27, 28]
# [12, 12, 12, 12, 12, 12, 12, 12, 12, 12, 12, 12, 12, 12, 12, 12, 12, 28, 28, 28, 28, 28, 28, 28, 28, 28, 28, 28, 28]
12
# [3, 5, 20, 20, 20, 20, 21, 21, 21, 21, 22, 22, 22, 22, 23, 23, 23, 23, 23, 23, 23, 23, 24, 24, 24, 24, 25, 25, 26]
# [0, 0, 26, 26, 26, 26, 26, 26, 26, 26, 26, 26, 26, 26, 26, 26, 26, 26, 26, 26, 26, 26, 26, 26, 26, 26, 26, 26, 26]
27
# [4, 17, 20, 20, 20, 20, 21, 21, 21, 22, 22, 22, 22, 22, 22, 23, 23, 23, 23, 23, 24, 24, 24, 25, 25, 25, 25, 26, 27]
# [0, 27, 27, 27, 27, 27, 27, 27, 27, 27, 27, 27, 27, 27, 27, 27, 27, 27, 27, 27, 27, 27, 27, 27, 27, 27, 27, 27, 27]
28
# [9, 10, 11, 11, 12, 12, 12, 12, 12, 13, 13, 13, 13, 14, 14, 14, 15, 17, 21, 22, 23, 23, 23, 23, 23, 24, 25, 26, 26]
# [11, 11, 11, 11, 11, 11, 11, 11, 11, 11, 11, 11, 11, 11, 11, 11, 11, 11, 28, 28, 28, 28, 28, 28, 28, 28, 28, 28, 28]
11
# [2, 2, 2, 2, 3, 3, 4, 4, 4, 4, 5, 5, 5, 5, 7, 10, 10, 12, 12, 12, 13, 13, 13, 14, 14, 15, 15, 15, 15]
# [0, 0, 0, 0, 0, 0, 0, 0, 0, 0, 0, 0, 0, 0, 0, 13, 13, 13, 13, 13, 13, 13, 13, 13, 13, 13, 13, 13, 13]
14
# [7, 11, 11, 11, 12, 12, 12, 13, 13, 13, 14, 15, 15, 15, 16, 16, 17, 22, 22, 22, 22, 23, 23, 23, 23, 23, 24, 25, 25]
# [12, 12, 12, 12, 12, 12, 12, 12, 12, 12, 12, 12, 12, 12, 12, 12, 12, 28, 28, 28, 28, 28, 28, 28, 28, 28, 28, 28, 28]
12
# [4, 4, 20, 21, 21, 21, 21, 21, 22, 22, 22, 22, 22, 22, 22, 23, 23, 23, 23, 23, 23, 23, 23, 24, 24, 24, 25, 26, 26]
# [0, 0, 26, 26, 26, 26, 26, 26, 26, 26, 26, 26, 26, 26, 26, 26, 26, 26, 26, 26, 26, 26, 26, 26, 26, 26, 26, 26, 26]
27
# [1, 2, 2, 2, 2, 3, 3, 3, 3, 3, 4, 4, 4, 4, 4, 4, 4, 4, 5, 5, 6, 6, 6, 6, 6, 6, 6, 7, 7]
# [0, 0, 0, 0, 0, 0, 0, 0, 0, 0, 0, 0, 0, 0, 0, 0, 0, 0, 0, 0, 0, 0, 0, 0, 0, 0, 0, 0, 0]
0
# [9, 12, 12, 13, 13, 14, 14, 14, 14, 14, 14, 14, 15, 15, 15, 17, 23, 23, 24, 24, 24, 24, 24, 25, 25, 25, 26, 26, 26]
# [13, 13, 13, 13, 13, 13, 13, 13, 13, 13, 13, 13, 13, 13, 13, 13, 28, 28, 28, 28, 28, 28, 28, 28, 28, 28, 28, 28, 28]
13
# [0, 20, 20, 20, 21, 22, 22, 22, 22, 23, 23, 23, 23, 23, 23, 24, 24, 24, 24, 24, 25, 25, 25, 25, 25, 26, 26, 27, 27]
# [0, 27, 27, 27, 27, 27, 27, 27, 27, 27, 27, 27, 27, 27, 27, 27, 27, 27, 27, 27, 27, 27, 27, 27, 27, 27, 27, 27, 27]
28
# [4, 4, 5, 5, 5, 5, 6, 6, 6, 6, 6, 7, 7, 7, 7, 7, 8, 8, 8, 8, 8, 8, 9, 10, 10, 10, 22, 22, 26]
# [3, 3, 3, 3, 3, 3, 3, 3, 3, 3, 3, 3, 3, 3, 3, 3, 3, 3, 3, 3, 3, 3, 3, 3, 3, 3, 28, 28, 28]
3
# [4, 4, 4, 5, 5, 5, 5, 5, 6, 6, 6, 6, 6, 7, 8, 10, 11, 11, 12, 12, 12, 13, 13, 13, 14, 14, 14, 15, 16]
# [0, 0, 0, 0, 0, 0, 0, 0, 0, 0, 0, 0, 0, 0, 0, 13, 13, 13, 13, 13, 13, 13, 13, 13, 13, 13, 13, 13, 13]
14
# [8, 8, 8, 8, 8, 9, 9, 9, 9, 9, 10, 11, 11, 11, 12, 12, 12, 14, 14, 14, 14, 21, 22, 23, 23, 24, 25, 27, 27]
# [8, 8, 8, 8, 8, 8, 8, 8, 8, 8, 8, 8, 8, 8, 8, 8, 8, 8, 8, 8, 8, 28, 28, 28, 28, 28, 28, 28, 28]
8
# [1, 2, 3, 3, 3, 3, 4, 5, 5, 5, 5, 5, 5, 6, 6, 6, 6, 7, 7, 7, 7, 7, 7, 8, 8, 8, 9, 10, 24]
# [1, 1, 1, 1, 1, 1, 1, 1, 1, 1, 1, 1, 1, 1, 1, 1, 1, 1, 1, 1, 1, 1, 1, 1, 1, 1, 1, 1, 28]
1
