15
000000000000000000000000000000000000000000000000000000000000000000000000000000000000000000000000000000000
100000000000000000000000000000000000000000000000000000000000000000000000000000000000000000000000000000000
110000000000000000000000000000000000000000000000000000000000000000000000000000000000000000000000000000000
111000000000000000000000000000000000000000000000000000000000000000000000000000000000000000000000000000000
111100000000000000000000000000000000000000000000000000000000000000000000000000000000000000000000000000000
111110000000000000000000000000000000000000000000000000000000000000000000000000000000000000000000000000000
111111000000000000000000000000000000000000000000000000000000000000000000000000000000000000000000000000000
111111100000000000000000000000000000000000000000000000000000000000000000000000000000000000000000000000000
111111110000000000000000000000000000000000000000000000000000000000000000000000000000000000000000000000000
111111111000000000000000000000000000000000000000000000000000000000000000000000000000000000000000000000000
111111111100000000000000000000000000000000000000000000000000000000000000000000000000000000000000000000000
111111111110000000000000000000000000000000000000000000000000000000000000000000000000000000000000000000000
111111111111000000000000000000000000000000000000000000000000000000000000000000000000000000000000000000000
111111111111100000000000000000000000000000000000000000000000000000000000000000000000000000000000000000000
111111111111110000000000000000000000000000000000000000000000000000000000000000000000000000000000000000000
111111111111111000000000000000000000000000000000000000000000000000000000000000000000000000000000000000000
111111111111111100000000000000000000000000000000000000000000000000000000000000000000000000000000000000000
111111111111111110000000000000000000000000000000000000000000000000000000000000000000000000000000000000000
111111111111111111000000000000000000000000000000000000000000000000000000000000000000000000000000000000000
111111111111111111100000000000000000000000000000000000000000000000000000000000000000000000000000000000000
111111111111111111110000000000000000000000000000000000000000000000000000000000000000000000000000000000000
111111111111111111111000000000000000000000000000000000000000000000000000000000000000000000000000000000000
111111111111111111111100000000000000000000000000000000000000000000000000000000000000000000000000000000000
111111111111111111111110000000000000000000000000000000000000000000000000000000000000000000000000000000000
111111111111111111111111000000000000000000000000000000000000000000000000000000000000000000000000000000000
111111111111111111111111100000000000000000000000000000000000000000000000000000000000000000000000000000000
111111111111111111111111110000000000000000000000000000000000000000000000000000000000000000000000000000000
111111111111111111111111111000000000000000000000000000000000000000000000000000000000000000000000000000000
111111111111111111111111111100000000000000000000000000000000000000000000000000000000000000000000000000000
111111111111111111111111111110000000000000000000000000000000000000000000000000000000000000000000000000000
111111111111111111111111111111000000000000000000000000000000000000000000000000000000000000000000000000000
111111111111111111111111111111100000000000000000000000000000000000000000000000000000000000000000000000000
111111111111111111111111111111110000000000000000000000000000000000000000000000000000000000000000000000000
111111111111111111111111111111111000000000000000000000000000000000000000000000000000000000000000000000000
111111111111111111111111111111111100000000000000000000000000000000000000000000000000000000000000000000000
111111111111111111111111111111111110000000000000000000000000000000000000000000000000000000000000000000000
111111111111111111111111111111111111000000000000000000000000000000000000000000000000000000000000000000000
111111111111111111111111111111111111100000000000000000000000000000000000000000000000000000000000000000000
111111111111111111111111111111111111110000000000000000000000000000000000000000000000000000000000000000000
111111111111111111111111111111111111111000000000000000000000000000000000000000000000000000000000000000000
111111111111111111111111111111111111111100000000000000000000000000000000000000000000000000000000000000000
111111111111111111111111111111111111111110000000000000000000000000000000000000000000000000000000000000000
111111111111111111111111111111111111111111000000000000000000000000000000000000000000000000000000000000000
111111111111111111111111111111111111111111100000000000000000000000000000000000000000000000000000000000000
111111111111111111111111111111111111111111110000000000000000000000000000000000000000000000000000000000000
111111111111111111111111111111111111111111111000000000000000000000000000000000000000000000000000000000000
111111111111111111111111111111111111111111111100000000000000000000000000000000000000000000000000000000000
111111111111111111111111111111111111111111111110000000000000000000000000000000000000000000000000000000000
111111111111111111111111111111111111111111111111000000000000000000000000000000000000000000000000000000000
111111111111111111111111111111111111111111111111100000000000000000000000000000000000000000000000000000000
111111111111111111111111111111111111111111111111110000000000000000000000000000000000000000000000000000000
111111111111111111111111111111111111111111111111111000000000000000000000000000000000000000000000000000000
111111111111111111111111111111111111111111111111111100000000000000000000000000000000000000000000000000000
111111111111111111111111111111111111111111111111111110000000000000000000000000000000000000000000000000000
111111111111111111111111111111111111111111111111111111000000000000000000000000000000000000000000000000000
111111111111111111111111111111111111111111111111111111100000000000000000000000000000000000000000000000000
111111111111111111111111111111111111111111111111111111110000000000000000000000000000000000000000000000000
111111111111111111111111111111111111111111111111111111111000000000000000000000000000000000000000000000000
111111111111111111111111111111111111111111111111111111111100000000000000000000000000000000000000000000000
111111111111111111111111111111111111111111111111111111111110000000000000000000000000000000000000000000000
111111111111111111111111111111111111111111111111111111111111000000000000000000000000000000000000000000000
111111111111111111111111111111111111111111111111111111111111100000000000000000000000000000000000000000000
111111111111111111111111111111111111111111111111111111111111110000000000000000000000000000000000000000000
111111111111111111111111111111111111111111111111111111111111111000000000000000000000000000000000000000000
111111111111111111111111111111111111111111111111111111111111111100000000000000000000000000000000000000000
111111111111111111111111111111111111111111111111111111111111111110000000000000000000000000000000000000000
111111111111111111111111111111111111111111111111111111111111111111000000000000000000000000000000000000000
111111111111111111111111111111111111111111111111111111111111111111100000000000000000000000000000000000000
111111111111111111111111111111111111111111111111111111111111111111110000000000000000000000000000000000000
111111111111111111111111111111111111111111111111111111111111111111111000000000000000000000000000000000000
111111111111111111111111111111111111111111111111111111111111111111111100000000000000000000000000000000000
111111111111111111111111111111111111111111111111111111111111111111111110000000000000000000000000000000000
111111111111111111111111111111111111111111111111111111111111111111111111000000000000000000000000000000000
111111111111111111111111111111111111111111111111111111111111111111111111100000000000000000000000000000000
111111111111111111111111111111111111111111111111111111111111111111111111110000000000000000000000000000000
111111111111111111111111111111111111111111111111111111111111111111111111111000000000000000000000000000000
111111111111111111111111111111111111111111111111111111111111111111111111111100000000000000000000000000000
111111111111111111111111111111111111111111111111111111111111111111111111111110000000000000000000000000000
111111111111111111111111111111111111111111111111111111111111111111111111111111000000000000000000000000000
111111111111111111111111111111111111111111111111111111111111111111111111111111100000000000000000000000000
111111111111111111111111111111111111111111111111111111111111111111111111111111110000000000000000000000000
111111111111111111111111111111111111111111111111111111111111111111111111111111111000000000000000000000000
111111111111111111111111111111111111111111111111111111111111111111111111111111111100000000000000000000000
111111111111111111111111111111111111111111111111111111111111111111111111111111111110000000000000000000000
111111111111111111111111111111111111111111111111111111111111111111111111111111111111000000000000000000000
111111111111111111111111111111111111111111111111111111111111111111111111111111111111100000000000000000000
111111111111111111111111111111111111111111111111111111111111111111111111111111111111110000000000000000000
111111111111111111111111111111111111111111111111111111111111111111111111111111111111111000000000000000000
111111111111111111111111111111111111111111111111111111111111111111111111111111111111111100000000000000000
111111111111111111111111111111111111111111111111111111111111111111111111111111111111111110000000000000000
111111111111111111111111111111111111111111111111111111111111111111111111111111111111111111000000000000000
111111111111111111111111111111111111111111111111111111111111111111111111111111111111111111100000000000000
111111111111111111111111111111111111111111111111111111111111111111111111111111111111111111110000000000000
30
39
47
48
54
38
67
61
63
61
47
35
35
45
50
53
44
40
61
66
49
55
37
62
61
41
56
35
33
42
53
39
36
52
41
40
40
39
36
42
48
38
45
50
36
63
52
67
53
62
29
37
37
45
52
52
72
52
50
38
43
68
46
39
45
72
41
59
43
67
48
38
60
46
42
33
40
44
56
58
38
65
63
33
53
59
40
46
31
61
49
48
31
60
58
51
57
52
51
58
