13
000000000000000000000000000000000000000000000000000000000000000000000000000000
100000000000000000000000000000000000000000000000000000000000000000000000000000
110000000000000000000000000000000000000000000000000000000000000000000000000000
111000000000000000000000000000000000000000000000000000000000000000000000000000
111100000000000000000000000000000000000000000000000000000000000000000000000000
111110000000000000000000000000000000000000000000000000000000000000000000000000
111111000000000000000000000000000000000000000000000000000000000000000000000000
111111100000000000000000000000000000000000000000000000000000000000000000000000
111111110000000000000000000000000000000000000000000000000000000000000000000000
111111111000000000000000000000000000000000000000000000000000000000000000000000
111111111100000000000000000000000000000000000000000000000000000000000000000000
111111111110000000000000000000000000000000000000000000000000000000000000000000
111111111111000000000000000000000000000000000000000000000000000000000000000000
111111111111100000000000000000000000000000000000000000000000000000000000000000
111111111111110000000000000000000000000000000000000000000000000000000000000000
111111111111111000000000000000000000000000000000000000000000000000000000000000
111111111111111100000000000000000000000000000000000000000000000000000000000000
111111111111111110000000000000000000000000000000000000000000000000000000000000
111111111111111111000000000000000000000000000000000000000000000000000000000000
111111111111111111100000000000000000000000000000000000000000000000000000000000
111111111111111111110000000000000000000000000000000000000000000000000000000000
111111111111111111111000000000000000000000000000000000000000000000000000000000
111111111111111111111100000000000000000000000000000000000000000000000000000000
111111111111111111111110000000000000000000000000000000000000000000000000000000
111111111111111111111111000000000000000000000000000000000000000000000000000000
111111111111111111111111100000000000000000000000000000000000000000000000000000
111111111111111111111111110000000000000000000000000000000000000000000000000000
111111111111111111111111111000000000000000000000000000000000000000000000000000
111111111111111111111111111100000000000000000000000000000000000000000000000000
111111111111111111111111111110000000000000000000000000000000000000000000000000
111111111111111111111111111111000000000000000000000000000000000000000000000000
111111111111111111111111111111100000000000000000000000000000000000000000000000
111111111111111111111111111111110000000000000000000000000000000000000000000000
111111111111111111111111111111111000000000000000000000000000000000000000000000
111111111111111111111111111111111100000000000000000000000000000000000000000000
111111111111111111111111111111111110000000000000000000000000000000000000000000
111111111111111111111111111111111111000000000000000000000000000000000000000000
111111111111111111111111111111111111100000000000000000000000000000000000000000
111111111111111111111111111111111111110000000000000000000000000000000000000000
111111111111111111111111111111111111111000000000000000000000000000000000000000
111111111111111111111111111111111111111100000000000000000000000000000000000000
111111111111111111111111111111111111111110000000000000000000000000000000000000
111111111111111111111111111111111111111111000000000000000000000000000000000000
111111111111111111111111111111111111111111100000000000000000000000000000000000
111111111111111111111111111111111111111111110000000000000000000000000000000000
111111111111111111111111111111111111111111111000000000000000000000000000000000
111111111111111111111111111111111111111111111100000000000000000000000000000000
111111111111111111111111111111111111111111111110000000000000000000000000000000
111111111111111111111111111111111111111111111111000000000000000000000000000000
111111111111111111111111111111111111111111111111100000000000000000000000000000
111111111111111111111111111111111111111111111111110000000000000000000000000000
111111111111111111111111111111111111111111111111111000000000000000000000000000
111111111111111111111111111111111111111111111111111100000000000000000000000000
111111111111111111111111111111111111111111111111111110000000000000000000000000
111111111111111111111111111111111111111111111111111111000000000000000000000000
111111111111111111111111111111111111111111111111111111100000000000000000000000
111111111111111111111111111111111111111111111111111111110000000000000000000000
111111111111111111111111111111111111111111111111111111111000000000000000000000
111111111111111111111111111111111111111111111111111111111100000000000000000000
111111111111111111111111111111111111111111111111111111111110000000000000000000
111111111111111111111111111111111111111111111111111111111111000000000000000000
111111111111111111111111111111111111111111111111111111111111100000000000000000
111111111111111111111111111111111111111111111111111111111111110000000000000000
111111111111111111111111111111111111111111111111111111111111111000000000000000
111111111111111111111111111111111111111111111111111111111111111100000000000000
111111111111111111111111111111111111111111111111111111111111111110000000000000
111111111111111111111111111111111111111111111111111111111111111111000000000000
111111111111111111111111111111111111111111111111111111111111111111100000000000
111111111111111111111111111111111111111111111111111111111111111111110000000000
111111111111111111111111111111111111111111111111111111111111111111111000000000
111111111111111111111111111111111111111111111111111111111111111111111100000000
111111111111111111111111111111111111111111111111111111111111111111111110000000
111111111111111111111111111111111111111111111111111111111111111111111111000000
111111111111111111111111111111111111111111111111111111111111111111111111100000
111111111111111111111111111111111111111111111111111111111111111111111111110000
111111111111111111111111111111111111111111111111111111111111111111111111111000
111111111111111111111111111111111111111111111111111111111111111111111111111100
46
22
46
17
50
40
28
38
22
62
35
44
43
56
43
40
27
32
39
30
46
29
55
45
51
32
17
59
44
22
51
23
62
19
19
27
52
32
22
48
24
34
48
49
29
44
37
41
44
23
16
25
57
17
42
31
41
54
32
52
37
26
21
29
41
19
27
57
55
30
41
37
48
52
54
35
58
45
43
27
28
57
29
48
22
54
53
48
25
38
28
50
44
12
21
63
56
53
62
16
