8
0000000000000000000000000000
1000000000000000000000000000
1100000000000000000000000000
1110000000000000000000000000
1111000000000000000000000000
1111100000000000000000000000
1111110000000000000000000000
1111111000000000000000000000
1111111100000000000000000000
1111111110000000000000000000
1111111111000000000000000000
1111111111100000000000000000
1111111111110000000000000000
1111111111111000000000000000
1111111111111100000000000000
1111111111111110000000000000
1111111111111111000000000000
1111111111111111100000000000
1111111111111111110000000000
1111111111111111111000000000
1111111111111111111100000000
1111111111111111111110000000
4
14
0
8
4
2
5
2
14
10
16
2
14
1
11
19
12
19
13
7
18
11
8
4
11
10
6
0
4
12
4
4
0
17
17
16
21
7
2
3
11
8
18
15
7
19
20
9
8
3
1
5
3
11
4
18
20
19
15
11
15
8
15
12
5
12
3
0
12
15
1
7
8
7
7
7
9
5
3
21
20
14
20
19
20
13
17
10
11
3
2
16
7
11
21
5
18
4
11
14
