6
000000000000000
100000000000000
110000000000000
100000000100000
111000000000000
110001000000000
110000100000000
110000000000100
100000000100001
111100000000000
111001000000000
111000010000000
111000000000001
110001000000100
110000100100000
110000100010000
110000100000001
110000000000110
111110000000000
111101000000000
111100001000000
111001100000000
111001010000000
111001000000100
111001000000001
111000011000000
111000010010000
111000010001000
111000010000001
110001000000110
110000100100001
110000100010100
110000100010010
111111000000000
111101100000000
111101001000000
111101000000100
111101000000010
111100001001000
111001100100000
111001100010000
111001100000001
111001010001000
111001010000100
111001010000010
111001000000110
111001000000101
111000011010000
111000010010100
111000010010010
111000010010001
111000010001001
110001000000111
110000100010011
111111100000000
111111000000100
111101110000000
111101101000000
111101100100000
111101100010000
111101100001000
111101100000001
111101001001000
111101001000100
111101001000010
111101000000011
46
38
22
32
65
34
65
45
47
65
60
60
65
65
65
17
65
40
60
65
11
65
65
65
32
27
65
10
20
22
65
16
27
63
65
11
49
65
65
65
41
65
61
54
31
27
65
47
65
42
20
7
65
11
32
7
8
64
65
34
65
22
4
47
65
65
65
65
60
12
65
21
17
65
46
65
65
65
62
26
65
64
4
60
61
65
16
29
65
60
26
65
65
64
40
28
64
36
64
65
