5
0000000000
1000000000
1100000000
1000000100
1110000000
1100100000
1100010000
1100000001
1111000000
1110100000
1110001000
1100100001
1100010100
1100010010
1111100000
1110110000
1110101000
1110100001
1110001010
1100010011
1111110000
1111100001
1110110100
1110110010
1110101001
1110001011
6
9
9
4
2
9
7
1
10
7
2
25
25
23
7
17
17
17
9
25
14
18
15
14
6
4
24
18
25
25
25
25
7
17
25
25
12
13
23
18
17
25
10
11
10
24
15
13
16
6
16
19
17
2
3
13
18
16
25
7
20
10
13
25
18
16
1
20
21
2
24
12
18
2
13
24
12
21
13
2
2
12
15
25
24
25
20
16
20
24
17
24
18
24
25
1
9
1
6
7
