9
000000000000000000000000000000000000
100000000000000000000000000000000000
110000000000000000000000000000000000
111000000000000000000000000000000000
111100000000000000000000000000000000
111110000000000000000000000000000000
111111000000000000000000000000000000
111111100000000000000000000000000000
111111110000000000000000000000000000
111111111000000000000000000000000000
111111111100000000000000000000000000
111111111110000000000000000000000000
111111111111000000000000000000000000
111111111111100000000000000000000000
111111111111110000000000000000000000
111111111111111000000000000000000000
111111111111111100000000000000000000
111111111111111110000000000000000000
111111111111111111000000000000000000
111111111111111111100000000000000000
111111111111111111110000000000000000
111111111111111111111000000000000000
111111111111111111111100000000000000
111111111111111111111110000000000000
111111111111111111111111000000000000
111111111111111111111111100000000000
111111111111111111111111110000000000
111111111111111111111111111000000000
111111111111111111111111111100000000
111111111111111111111111111110000000
111111111111111111111111111111000000
111111111111111111111111111111100000
10
19
20
14
14
18
23
14
18
12
14
18
15
20
20
18
17
20
22
18
20
24
15
24
19
22
9
10
18
24
8
18
11
10
14
10
18
18
12
13
16
17
15
12
9
19
12
20
20
18
22
25
23
17
13
19
18
12
23
17
17
16
12
12
10
10
21
17
20
20
22
17
19
19
19
14
19
23
17
16
16
17
16
24
21
14
24
21
22
23
15
11
9
19
24
11
12
15
19
10
