13
000000000000000000000000000000000000000000000000000000000000000000000000000000
100000000000000000000000000000000000000000000000000000000000000000000000000000
110000000000000000000000000000000000000000000000000000000000000000000000000000
111000000000000000000000000000000000000000000000000000000000000000000000000000
111100000000000000000000000000000000000000000000000000000000000000000000000000
111110000000000000000000000000000000000000000000000000000000000000000000000000
111111000000000000000000000000000000000000000000000000000000000000000000000000
111111100000000000000000000000000000000000000000000000000000000000000000000000
111111110000000000000000000000000000000000000000000000000000000000000000000000
111111111000000000000000000000000000000000000000000000000000000000000000000000
111111111100000000000000000000000000000000000000000000000000000000000000000000
111111111110000000000000000000000000000000000000000000000000000000000000000000
111111111111000000000000000000000000000000000000000000000000000000000000000000
111111111111100000000000000000000000000000000000000000000000000000000000000000
111111111111110000000000000000000000000000000000000000000000000000000000000000
111111111111111000000000000000000000000000000000000000000000000000000000000000
111111111111111100000000000000000000000000000000000000000000000000000000000000
111111111111111110000000000000000000000000000000000000000000000000000000000000
111111111111111111000000000000000000000000000000000000000000000000000000000000
111111111111111111100000000000000000000000000000000000000000000000000000000000
111111111111111111110000000000000000000000000000000000000000000000000000000000
111111111111111111111000000000000000000000000000000000000000000000000000000000
111111111111111111111100000000000000000000000000000000000000000000000000000000
111111111111111111111110000000000000000000000000000000000000000000000000000000
111111111111111111111111000000000000000000000000000000000000000000000000000000
111111111111111111111111100000000000000000000000000000000000000000000000000000
111111111111111111111111110000000000000000000000000000000000000000000000000000
111111111111111111111111111000000000000000000000000000000000000000000000000000
111111111111111111111111111100000000000000000000000000000000000000000000000000
111111111111111111111111111110000000000000000000000000000000000000000000000000
111111111111111111111111111111000000000000000000000000000000000000000000000000
111111111111111111111111111111100000000000000000000000000000000000000000000000
111111111111111111111111111111110000000000000000000000000000000000000000000000
111111111111111111111111111111111000000000000000000000000000000000000000000000
111111111111111111111111111111111100000000000000000000000000000000000000000000
111111111111111111111111111111111110000000000000000000000000000000000000000000
111111111111111111111111111111111111000000000000000000000000000000000000000000
111111111111111111111111111111111111100000000000000000000000000000000000000000
111111111111111111111111111111111111110000000000000000000000000000000000000000
111111111111111111111111111111111111111000000000000000000000000000000000000000
111111111111111111111111111111111111111100000000000000000000000000000000000000
111111111111111111111111111111111111111110000000000000000000000000000000000000
111111111111111111111111111111111111111111000000000000000000000000000000000000
111111111111111111111111111111111111111111100000000000000000000000000000000000
111111111111111111111111111111111111111111110000000000000000000000000000000000
111111111111111111111111111111111111111111111000000000000000000000000000000000
111111111111111111111111111111111111111111111100000000000000000000000000000000
111111111111111111111111111111111111111111111110000000000000000000000000000000
111111111111111111111111111111111111111111111111000000000000000000000000000000
111111111111111111111111111111111111111111111111100000000000000000000000000000
111111111111111111111111111111111111111111111111110000000000000000000000000000
111111111111111111111111111111111111111111111111111000000000000000000000000000
111111111111111111111111111111111111111111111111111100000000000000000000000000
111111111111111111111111111111111111111111111111111110000000000000000000000000
111111111111111111111111111111111111111111111111111111000000000000000000000000
111111111111111111111111111111111111111111111111111111100000000000000000000000
111111111111111111111111111111111111111111111111111111110000000000000000000000
111111111111111111111111111111111111111111111111111111111000000000000000000000
111111111111111111111111111111111111111111111111111111111100000000000000000000
111111111111111111111111111111111111111111111111111111111110000000000000000000
111111111111111111111111111111111111111111111111111111111111000000000000000000
111111111111111111111111111111111111111111111111111111111111100000000000000000
111111111111111111111111111111111111111111111111111111111111110000000000000000
111111111111111111111111111111111111111111111111111111111111111000000000000000
111111111111111111111111111111111111111111111111111111111111111100000000000000
111111111111111111111111111111111111111111111111111111111111111110000000000000
111111111111111111111111111111111111111111111111111111111111111111000000000000
111111111111111111111111111111111111111111111111111111111111111111100000000000
111111111111111111111111111111111111111111111111111111111111111111110000000000
111111111111111111111111111111111111111111111111111111111111111111111000000000
48
39
35
55
33
29
42
44
54
49
38
39
38
39
31
34
44
40
42
45
36
28
32
28
31
45
33
39
39
45
47
39
44
42
49
37
34
46
34
43
41
32
40
43
42
45
51
47
42
45
33
44
29
30
35
44
47
34
21
39
48
35
42
35
41
26
40
47
20
31
39
42
24
48
23
41
41
51
49
26
33
48
46
41
40
42
34
42
37
42
50
35
27
42
42
43
44
33
28
44
