24
111111111110000000000001111111111000000000000111111111000000000000111111110000000000001111111000000000000111111000000000000111110000000000001111000000000000111000000000000110000000000001000000000000000000000000000000000000000000000000000000000000000000000000000000000000000000
111111111111000000000001111111111100000000000111111111100000000000111111111000000000001111111100000000000111111100000000000111111000000000001111100000000000111100000000000111000000000001100000000000100000000000000000000000000000000000000000000000000000000000000000000000000000
111111111111100000000001111111111110000000000111111111110000000000111111111100000000001111111110000000000111111110000000000111111100000000001111110000000000111110000000000111100000000001110000000000110000000000100000000000000000000000000000000000000000000000000000000000000000
111111111111110000000001111111111111000000000111111111111000000000111111111110000000001111111111000000000111111111000000000111111110000000001111111000000000111111000000000111110000000001111000000000111000000000110000000001000000000000000000000000000000000000000000000000000000
111111111111111000000001111111111111100000000111111111111100000000111111111111000000001111111111100000000111111111100000000111111111000000001111111100000000111111100000000111111000000001111100000000111100000000111000000001100000000100000000000000000000000000000000000000000000
111111111111111100000001111111111111110000000111111111111110000000111111111111100000001111111111110000000111111111110000000111111111100000001111111110000000111111110000000111111100000001111110000000111110000000111100000001110000000110000000100000000000000000000000000000000000
111111111111111110000001111111111111111000000111111111111111000000111111111111110000001111111111111000000111111111111000000111111111110000001111111111000000111111111000000111111110000001111111000000111111000000111110000001111000000111000000110000001000000000000000000000000000
111111111111111111000001111111111111111100000111111111111111100000111111111111111000001111111111111100000111111111111100000111111111111000001111111111100000111111111100000111111111000001111111100000111111100000111111000001111100000111100000111000001100000100000000000000000000
111111111111111111100001111111111111111110000111111111111111110000111111111111111100001111111111111110000111111111111110000111111111111100001111111111110000111111111110000111111111100001111111110000111111110000111111100001111110000111110000111100001110000110000100000000000000
111111111111111111110001111111111111111111000111111111111111111000111111111111111110001111111111111111000111111111111111000111111111111110001111111111111000111111111111000111111111110001111111111000111111111000111111110001111111000111111000111110001111000111000110001000000000
111111111111111111111001111111111111111111100111111111111111111100111111111111111111001111111111111111100111111111111111100111111111111111001111111111111100111111111111100111111111111001111111111100111111111100111111111001111111100111111100111111001111100111100111001100100000
111111111111111111111101111111111111111111110111111111111111111110111111111111111111101111111111111111110111111111111111110111111111111111101111111111111110111111111111110111111111111101111111111110111111111110111111111101111111110111111110111111101111110111110111101110110100
10
10
4
1
3
8
9
10
6
9
10
7
10
11
8
8
4
6
7
7
9
4
0
6
8
3
9
2
2
6
10
3
8
10
5
5
5
6
7
9
4
10
3
5
0
2
3
2
0
10
2
7
7
8
3
5
9
9
6
1
11
7
0
4
2
8
8
2
0
1
5
1
7
2
0
3
3
8
2
7
1
11
3
1
7
5
5
9
3
10
7
6
2
0
5
3
11
8
11
0
