7
000000000000000000000
100000000000000000000
110000000000000000000
111000000000000000000
111100000000000000000
111110000000000000000
111111000000000000000
111111100000000000000
111111110000000000000
111111111000000000000
111111111100000000000
111111111110000000000
111111111111000000000
111111111111100000000
111111111111110000000
111111111111111000000
10
5
7
12
7
10
6
10
6
12
6
10
9
12
13
8
7
8
8
7
11
14
13
11
10
12
7
14
10
11
7
9
13
10
13
13
15
5
8
5
11
13
3
4
13
4
8
11
13
9
11
7
13
9
11
6
9
8
11
5
14
13
9
6
4
12
8
9
9
4
7
9
12
11
10
10
12
12
12
9
6
9
10
5
7
12
13
12
12
8
8
15
9
8
5
6
10
12
6
14
