9
000000000000000000000000000000000000
100000000000000000000000000000000000
110000000000000000000000000000000000
111000000000000000000000000000000000
111100000000000000000000000000000000
111110000000000000000000000000000000
111111000000000000000000000000000000
111111100000000000000000000000000000
111111110000000000000000000000000000
111111111000000000000000000000000000
111111111100000000000000000000000000
111111111110000000000000000000000000
111111111111000000000000000000000000
111111111111100000000000000000000000
111111111111110000000000000000000000
111111111111111000000000000000000000
111111111111111100000000000000000000
111111111111111110000000000000000000
111111111111111111000000000000000000
111111111111111111100000000000000000
111111111111111111110000000000000000
111111111111111111111000000000000000
111111111111111111111100000000000000
111111111111111111111110000000000000
111111111111111111111111000000000000
111111111111111111111111100000000000
111111111111111111111111110000000000
111111111111111111111111111000000000
111111111111111111111111111100000000
20
17
15
18
15
22
20
21
17
21
7
21
22
19
15
14
19
21
19
26
20
18
17
22
27
12
13
18
15
15
23
19
19
18
21
18
16
22
18
19
22
21
17
17
19
12
16
23
18
23
19
22
16
19
19
21
22
15
19
19
16
19
15
19
22
16
20
17
16
19
17
15
17
19
19
14
19
11
17
23
17
18
21
18
17
13
16
22
18
14
19
17
19
16
20
10
14
18
20
11
