12
000000000000000000000000000000000000000000000000000000000000000000
111111111110000000000000000000000000000000000000000000000000000000
111111111111111111111000000000000000000000000000000000000000000000
111111111111111111111111111111000000000000000000000000000000000000
111111111111111111111111111111111111110000000000000000000000000000
111111111111111111111111111111111111111111111000000000000000000000
111110000001111000000111000000110000001000000000000000000000000000
111111000001111100000111100000111000001100000100000000000000000000
111111100001111110000111110000111100001110000110000100000000000000
111111110001111111000111111000111110001111000111000110001000000000
111111111001111111100111111100111111001111100111100111001100100000
111111111101111111110111111110111111101111110111110111101110110100
# [3, 3, 3, 3, 4, 5, 5, 5, 7, 10, 11, 11]
# [3, 3, 3, 3, 3, 3, 3, 3, 3, 11, 11, 11]
3
# [0, 1, 1, 2, 7, 7, 7, 7, 7, 7, 8, 8]
# [0, 0, 0, 0, 7, 7, 7, 7, 7, 7, 7, 7]
8
# [0, 0, 7, 7, 7, 7, 8, 8, 8, 8, 9, 9]
# [0, 0, 9, 9, 9, 9, 9, 9, 9, 9, 9, 9]
10
# [0, 1, 1, 6, 6, 7, 7, 7, 7, 7, 8, 9]
# [0, 0, 0, 8, 8, 8, 8, 8, 8, 8, 8, 8]
9
# [1, 2, 2, 2, 2, 2, 2, 3, 3, 3, 9, 11]
# [2, 2, 2, 2, 2, 2, 2, 2, 2, 2, 11, 11]
2
# [0, 0, 0, 0, 0, 1, 1, 1, 2, 2, 2, 3]
# [0, 0, 0, 0, 0, 0, 0, 0, 0, 0, 0, 0]
0
# [0, 1, 1, 6, 7, 8, 8, 8, 8, 8, 8, 9]
# [0, 0, 0, 8, 8, 8, 8, 8, 8, 8, 8, 8]
9
# [1, 1, 6, 8, 8, 8, 8, 8, 8, 9, 9, 10]
# [0, 0, 9, 9, 9, 9, 9, 9, 9, 9, 9, 9]
10
# [1, 1, 1, 2, 2, 2, 2, 2, 2, 3, 3, 11]
# [1, 1, 1, 1, 1, 1, 1, 1, 1, 1, 1, 11]
1
# [2, 8, 8, 9, 9, 9, 9, 9, 10, 10, 10, 11]
# [0, 10, 10, 10, 10, 10, 10, 10, 10, 10, 10, 10]
11
# [0, 1, 7, 8, 8, 8, 8, 9, 9, 9, 9, 10]
# [0, 0, 9, 9, 9, 9, 9, 9, 9, 9, 9, 9]
10
# [0, 0, 1, 1, 5, 6, 6, 6, 7, 7, 7, 8]
# [0, 0, 0, 0, 7, 7, 7, 7, 7, 7, 7, 7]
8
# [0, 9, 9, 9, 9, 10, 10, 10, 10, 10, 10, 10]
# [0, 10, 10, 10, 10, 10, 10, 10, 10, 10, 10, 10]
11
# [0, 0, 1, 1, 2, 4, 5, 5, 5, 6, 6, 7]
# [0, 0, 0, 0, 0, 6, 6, 6, 6, 6, 6, 6]
7
# [0, 0, 0, 0, 0, 0, 0, 1, 1, 1, 1, 2]
# [0, 0, 0, 0, 0, 0, 0, 0, 0, 0, 0, 0]
0
# [0, 1, 1, 2, 2, 2, 2, 2, 2, 2, 3, 9]
# [1, 1, 1, 1, 1, 1, 1, 1, 1, 1, 1, 11]
1
# [0, 1, 1, 6, 7, 7, 7, 8, 8, 8, 8, 9]
# [0, 0, 0, 8, 8, 8, 8, 8, 8, 8, 8, 8]
9
# [0, 0, 0, 1, 1, 2, 5, 5, 5, 5, 6, 6]
# [0, 0, 0, 0, 0, 0, 5, 5, 5, 5, 5, 5]
6
# [1, 1, 2, 2, 2, 3, 3, 3, 3, 3, 8, 11]
# [2, 2, 2, 2, 2, 2, 2, 2, 2, 2, 11, 11]
2
# [0, 2, 2, 2, 3, 5, 6, 6, 6, 7, 7, 8]
# [0, 0, 0, 0, 0, 6, 6, 6, 6, 6, 6, 6]
7
# [0, 0, 1, 7, 8, 8, 8, 8, 8, 8, 8, 8]
# [0, 0, 0, 8, 8, 8, 8, 8, 8, 8, 8, 8]
9
# [2, 2, 2, 2, 2, 2, 3, 3, 3, 3, 11, 11]
# [2, 2, 2, 2, 2, 2, 2, 2, 2, 2, 11, 11]
2
# [3, 3, 3, 4, 4, 4, 4, 4, 4, 11, 11, 11]
# [3, 3, 3, 3, 3, 3, 3, 3, 3, 11, 11, 11]
3
# [0, 0, 1, 1, 6, 6, 7, 7, 7, 7, 8, 8]
# [0, 0, 0, 0, 7, 7, 7, 7, 7, 7, 7, 7]
8
# [0, 0, 8, 8, 9, 9, 9, 9, 9, 9, 9, 9]
# [0, 0, 9, 9, 9, 9, 9, 9, 9, 9, 9, 9]
10
# [0, 1, 1, 2, 6, 6, 7, 7, 7, 7, 8, 8]
# [0, 0, 0, 0, 7, 7, 7, 7, 7, 7, 7, 7]
8
# [1, 2, 2, 5, 7, 7, 7, 7, 7, 8, 8, 9]
# [0, 0, 0, 8, 8, 8, 8, 8, 8, 8, 8, 8]
9
# [0, 0, 0, 0, 1, 1, 4, 4, 5, 5, 5, 5]
# [0, 0, 0, 0, 0, 0, 0, 0, 0, 0, 0, 0]
0
# [0, 8, 8, 9, 9, 10, 10, 10, 10, 10, 10, 10]
# [0, 10, 10, 10, 10, 10, 10, 10, 10, 10, 10, 10]
11
# [2, 2, 3, 3, 3, 3, 3, 3, 4, 7, 8, 9]
# [3, 3, 3, 3, 3, 3, 3, 3, 3, 11, 11, 11]
3
# [4, 4, 4, 6, 6, 6, 8, 9, 10, 11, 11, 11]
# [0, 0, 0, 0, 0, 0, 5, 5, 5, 5, 5, 5]
6
# [1, 1, 1, 1, 1, 1, 5, 5, 6, 6, 6, 6]
# [0, 0, 0, 0, 0, 0, 5, 5, 5, 5, 5, 5]
6
# [2, 3, 3, 3, 3, 4, 4, 4, 6, 9, 9, 10]
# [3, 3, 3, 3, 3, 3, 3, 3, 3, 11, 11, 11]
3
# [0, 0, 0, 0, 1, 1, 1, 1, 1, 1, 2, 2]
# [0, 0, 0, 0, 0, 0, 0, 0, 0, 0, 0, 0]
0
# [0, 1, 2, 6, 6, 7, 8, 8, 8, 8, 8, 8]
# [0, 0, 0, 8, 8, 8, 8, 8, 8, 8, 8, 8]
9
# [1, 1, 2, 2, 2, 2, 3, 3, 4, 4, 9, 11]
# [2, 2, 2, 2, 2, 2, 2, 2, 2, 2, 11, 11]
2
# [1, 1, 9, 9, 9, 9, 9, 9, 9, 9, 9, 9]
# [0, 0, 9, 9, 9, 9, 9, 9, 9, 9, 9, 9]
10
# [3, 4, 4, 4, 5, 6, 6, 9, 9, 10, 11, 11]
# [5, 5, 5, 5, 5, 5, 5, 11, 11, 11, 11, 11]
5
# [0, 0, 1, 1, 1, 1, 4, 4, 5, 5, 5, 7]
# [0, 0, 0, 0, 0, 0, 5, 5, 5, 5, 5, 5]
6
# [2, 2, 3, 3, 3, 3, 3, 4, 4, 10, 10, 11]
# [3, 3, 3, 3, 3, 3, 3, 3, 3, 11, 11, 11]
3
# [1, 2, 2, 2, 2, 2, 2, 2, 3, 3, 10, 11]
# [2, 2, 2, 2, 2, 2, 2, 2, 2, 2, 11, 11]
2
# [0, 0, 1, 2, 2, 4, 5, 5, 5, 5, 5, 6]
# [0, 0, 0, 0, 0, 6, 6, 6, 6, 6, 6, 6]
7
# [0, 0, 0, 1, 3, 6, 6, 6, 7, 7, 7, 7]
# [0, 0, 0, 0, 0, 6, 6, 6, 6, 6, 6, 6]
7
# [1, 8, 8, 9, 9, 10, 10, 10, 10, 10, 10, 11]
# [0, 10, 10, 10, 10, 10, 10, 10, 10, 10, 10, 10]
11
# [4, 4, 4, 4, 5, 5, 5, 6, 10, 10, 10, 11]
# [4, 4, 4, 4, 4, 4, 4, 4, 11, 11, 11, 11]
4
# [2, 2, 2, 2, 2, 2, 2, 2, 3, 3, 11, 11]
# [2, 2, 2, 2, 2, 2, 2, 2, 2, 2, 11, 11]
2
# [0, 1, 1, 1, 1, 1, 1, 2, 2, 2, 2, 10]
# [1, 1, 1, 1, 1, 1, 1, 1, 1, 1, 1, 11]
1
# [2, 3, 8, 8, 9, 9, 9, 9, 9, 9, 9, 10]
# [0, 0, 9, 9, 9, 9, 9, 9, 9, 9, 9, 9]
10
# [0, 0, 8, 8, 8, 8, 9, 9, 9, 9, 9, 9]
# [0, 0, 9, 9, 9, 9, 9, 9, 9, 9, 9, 9]
10
# [0, 0, 0, 0, 1, 1, 4, 4, 4, 5, 5, 6]
# [0, 0, 0, 0, 0, 0, 5, 5, 5, 5, 5, 5]
6
# [0, 0, 0, 1, 6, 6, 6, 7, 7, 7, 7, 7]
# [0, 0, 0, 0, 7, 7, 7, 7, 7, 7, 7, 7]
8
# [4, 4, 5, 5, 5, 5, 6, 6, 11, 11, 11, 11]
# [4, 4, 4, 4, 4, 4, 4, 4, 11, 11, 11, 11]
4
# [0, 0, 0, 1, 1, 1, 4, 4, 4, 5, 5, 5]
# [0, 0, 0, 0, 0, 0, 0, 0, 0, 0, 0, 0]
0
# [3, 3, 3, 3, 3, 3, 4, 4, 5, 9, 11, 11]
# [3, 3, 3, 3, 3, 3, 3, 3, 3, 11, 11, 11]
3
# [2, 8, 9, 9, 9, 9, 10, 10, 10, 10, 11, 11]
# [0, 10, 10, 10, 10, 10, 10, 10, 10, 10, 10, 10]
11
# [0, 0, 0, 0, 1, 5, 6, 6, 6, 6, 6, 6]
# [0, 0, 0, 0, 0, 6, 6, 6, 6, 6, 6, 6]
7
# [0, 0, 0, 6, 6, 7, 7, 7, 7, 8, 8, 8]
# [0, 0, 0, 8, 8, 8, 8, 8, 8, 8, 8, 8]
9
# [4, 4, 4, 4, 4, 5, 5, 9, 9, 10, 11, 11]
# [5, 5, 5, 5, 5, 5, 5, 11, 11, 11, 11, 11]
5
# [2, 3, 3, 3, 3, 4, 5, 6, 6, 10, 10, 11]
# [3, 3, 3, 3, 3, 3, 3, 3, 3, 11, 11, 11]
3
# [4, 4, 4, 4, 4, 4, 5, 6, 10, 11, 11, 11]
# [4, 4, 4, 4, 4, 4, 4, 4, 11, 11, 11, 11]
4
# [3, 3, 4, 4, 4, 4, 4, 5, 9, 9, 10, 11]
# [4, 4, 4, 4, 4, 4, 4, 4, 11, 11, 11, 11]
4
# [0, 1, 8, 8, 9, 9, 9, 9, 9, 9, 9, 10]
# [0, 0, 9, 9, 9, 9, 9, 9, 9, 9, 9, 9]
10
# [0, 0, 7, 8, 8, 9, 9, 9, 9, 9, 9, 9]
# [0, 0, 9, 9, 9, 9, 9, 9, 9, 9, 9, 9]
10
# [0, 0, 1, 7, 7, 7, 7, 7, 8, 8, 8, 8]
# [0, 0, 0, 8, 8, 8, 8, 8, 8, 8, 8, 8]
9
# [0, 9, 9, 10, 10, 10, 10, 10, 10, 10, 10, 10]
# [0, 10, 10, 10, 10, 10, 10, 10, 10, 10, 10, 10]
11
# [0, 1, 1, 1, 1, 1, 1, 1, 2, 2, 3, 10]
# [1, 1, 1, 1, 1, 1, 1, 1, 1, 1, 1, 11]
1
# [3, 4, 4, 4, 5, 6, 6, 6, 10, 10, 11, 11]
# [4, 4, 4, 4, 4, 4, 4, 4, 11, 11, 11, 11]
4
# [0, 0, 1, 1, 1, 3, 4, 5, 5, 5, 5, 6]
# [0, 0, 0, 0, 0, 6, 6, 6, 6, 6, 6, 6]
7
# [0, 1, 7, 8, 8, 8, 8, 9, 9, 9, 9, 10]
# [0, 0, 9, 9, 9, 9, 9, 9, 9, 9, 9, 9]
10
# [2, 2, 2, 2, 2, 2, 2, 2, 3, 3, 9, 9]
# [2, 2, 2, 2, 2, 2, 2, 2, 2, 2, 11, 11]
2
# [1, 1, 1, 2, 2, 2, 2, 2, 2, 2, 9, 10]
# [2, 2, 2, 2, 2, 2, 2, 2, 2, 2, 11, 11]
2
# [0, 0, 0, 0, 0, 0, 0, 1, 1, 1, 1, 2]
# [0, 0, 0, 0, 0, 0, 0, 0, 0, 0, 0, 0]
0
# [1, 1, 1, 6, 6, 7, 8, 8, 8, 8, 9, 9]
# [0, 0, 0, 8, 8, 8, 8, 8, 8, 8, 8, 8]
9
# [4, 4, 4, 4, 4, 5, 5, 5, 10, 10, 10, 11]
# [4, 4, 4, 4, 4, 4, 4, 4, 11, 11, 11, 11]
4
# [0, 0, 8, 8, 8, 8, 9, 9, 9, 9, 9, 9]
# [0, 0, 9, 9, 9, 9, 9, 9, 9, 9, 9, 9]
10
# [0, 1, 1, 6, 6, 7, 7, 7, 7, 7, 8, 9]
# [0, 0, 0, 8, 8, 8, 8, 8, 8, 8, 8, 8]
9
# [0, 8, 9, 9, 9, 9, 9, 9, 10, 10, 10, 10]
# [0, 10, 10, 10, 10, 10, 10, 10, 10, 10, 10, 10]
11
# [0, 1, 1, 2, 2, 3, 3, 3, 3, 3, 4, 9]
# [1, 1, 1, 1, 1, 1, 1, 1, 1, 1, 1, 11]
1
# [0, 0, 0, 0, 1, 5, 5, 5, 6, 6, 6, 6]
# [0, 0, 0, 0, 0, 6, 6, 6, 6, 6, 6, 6]
7
# [0, 0, 0, 7, 7, 8, 8, 8, 8, 8, 8, 8]
# [0, 0, 0, 8, 8, 8, 8, 8, 8, 8, 8, 8]
9
# [0, 0, 1, 1, 5, 5, 6, 6, 7, 7, 7, 7]
# [0, 0, 0, 0, 7, 7, 7, 7, 7, 7, 7, 7]
8
# [0, 9, 9, 10, 10, 10, 10, 10, 10, 10, 10, 10]
# [0, 10, 10, 10, 10, 10, 10, 10, 10, 10, 10, 10]
11
# [0, 1, 1, 5, 7, 7, 7, 8, 8, 8, 8, 8]
# [0, 0, 0, 8, 8, 8, 8, 8, 8, 8, 8, 8]
9
# [0, 0, 0, 0, 0, 1, 4, 4, 5, 5, 5, 6]
# [0, 0, 0, 0, 0, 0, 5, 5, 5, 5, 5, 5]
6
# [0, 7, 8, 9, 9, 9, 9, 9, 10, 10, 10, 10]
# [0, 10, 10, 10, 10, 10, 10, 10, 10, 10, 10, 10]
11
# [4, 5, 6, 6, 6, 6, 6, 9, 10, 10, 11, 11]
# [5, 5, 5, 5, 5, 5, 5, 11, 11, 11, 11, 11]
5
# [0, 7, 8, 9, 9, 9, 10, 10, 10, 10, 10, 10]
# [0, 10, 10, 10, 10, 10, 10, 10, 10, 10, 10, 10]
11
# [0, 0, 0, 0, 1, 5, 5, 5, 6, 6, 6, 6]
# [0, 0, 0, 0, 0, 6, 6, 6, 6, 6, 6, 6]
7
# [4, 5, 6, 7, 7, 7, 7, 9, 11, 11, 11, 11]
# [5, 5, 5, 5, 5, 5, 5, 11, 11, 11, 11, 11]
5
# [0, 0, 0, 0, 0, 0, 0, 1, 1, 2, 2, 2]
# [0, 0, 0, 0, 0, 0, 0, 0, 0, 0, 0, 0]
0
# [0, 0, 0, 1, 1, 6, 6, 6, 6, 6, 7, 7]
# [0, 0, 0, 0, 0, 6, 6, 6, 6, 6, 6, 6]
7
# [1, 8, 8, 8, 8, 8, 9, 9, 9, 10, 10, 10]
# [0, 10, 10, 10, 10, 10, 10, 10, 10, 10, 10, 10]
11
# [0, 0, 1, 6, 7, 7, 8, 8, 8, 8, 8, 9]
# [0, 0, 0, 8, 8, 8, 8, 8, 8, 8, 8, 8]
9
# [4, 4, 4, 4, 4, 4, 4, 4, 11, 11, 11, 11]
# [4, 4, 4, 4, 4, 4, 4, 4, 11, 11, 11, 11]
4
# [0, 0, 0, 1, 1, 2, 4, 4, 5, 5, 6, 6]
# [0, 0, 0, 0, 0, 0, 5, 5, 5, 5, 5, 5]
6
# [0, 0, 1, 1, 2, 2, 4, 5, 5, 5, 5, 6]
# [0, 0, 0, 0, 0, 0, 5, 5, 5, 5, 5, 5]
6
# [4, 4, 4, 4, 4, 4, 5, 5, 11, 11, 11, 11]
# [4, 4, 4, 4, 4, 4, 4, 4, 11, 11, 11, 11]
4
# [4, 4, 5, 5, 5, 5, 5, 9, 10, 10, 11, 11]
# [5, 5, 5, 5, 5, 5, 5, 11, 11, 11, 11, 11]
5
# [0, 1, 1, 1, 1, 2, 4, 5, 5, 5, 6, 7]
# [0, 0, 0, 0, 0, 0, 5, 5, 5, 5, 5, 5]
6
# [4, 5, 5, 5, 5, 6, 6, 10, 10, 10, 11, 11]
# [5, 5, 5, 5, 5, 5, 5, 11, 11, 11, 11, 11]
5
