13
000000000000000000000000000000000000000000000000000000000000000000000000000000
100000000000000000000000000000000000000000000000000000000000000000000000000000
110000000000000000000000000000000000000000000000000000000000000000000000000000
111000000000000000000000000000000000000000000000000000000000000000000000000000
111100000000000000000000000000000000000000000000000000000000000000000000000000
111110000000000000000000000000000000000000000000000000000000000000000000000000
111111000000000000000000000000000000000000000000000000000000000000000000000000
111111100000000000000000000000000000000000000000000000000000000000000000000000
111111110000000000000000000000000000000000000000000000000000000000000000000000
111111111000000000000000000000000000000000000000000000000000000000000000000000
111111111100000000000000000000000000000000000000000000000000000000000000000000
111111111110000000000000000000000000000000000000000000000000000000000000000000
111111111111000000000000000000000000000000000000000000000000000000000000000000
111111111111100000000000000000000000000000000000000000000000000000000000000000
111111111111110000000000000000000000000000000000000000000000000000000000000000
111111111111111000000000000000000000000000000000000000000000000000000000000000
111111111111111100000000000000000000000000000000000000000000000000000000000000
111111111111111110000000000000000000000000000000000000000000000000000000000000
111111111111111111000000000000000000000000000000000000000000000000000000000000
111111111111111111100000000000000000000000000000000000000000000000000000000000
111111111111111111110000000000000000000000000000000000000000000000000000000000
111111111111111111111000000000000000000000000000000000000000000000000000000000
111111111111111111111100000000000000000000000000000000000000000000000000000000
111111111111111111111110000000000000000000000000000000000000000000000000000000
111111111111111111111111000000000000000000000000000000000000000000000000000000
111111111111111111111111100000000000000000000000000000000000000000000000000000
111111111111111111111111110000000000000000000000000000000000000000000000000000
111111111111111111111111111000000000000000000000000000000000000000000000000000
111111111111111111111111111100000000000000000000000000000000000000000000000000
111111111111111111111111111110000000000000000000000000000000000000000000000000
111111111111111111111111111111000000000000000000000000000000000000000000000000
111111111111111111111111111111100000000000000000000000000000000000000000000000
111111111111111111111111111111110000000000000000000000000000000000000000000000
111111111111111111111111111111111000000000000000000000000000000000000000000000
111111111111111111111111111111111100000000000000000000000000000000000000000000
111111111111111111111111111111111110000000000000000000000000000000000000000000
111111111111111111111111111111111111000000000000000000000000000000000000000000
111111111111111111111111111111111111100000000000000000000000000000000000000000
111111111111111111111111111111111111110000000000000000000000000000000000000000
111111111111111111111111111111111111111000000000000000000000000000000000000000
111111111111111111111111111111111111111100000000000000000000000000000000000000
111111111111111111111111111111111111111110000000000000000000000000000000000000
111111111111111111111111111111111111111111000000000000000000000000000000000000
111111111111111111111111111111111111111111100000000000000000000000000000000000
111111111111111111111111111111111111111111110000000000000000000000000000000000
111111111111111111111111111111111111111111111000000000000000000000000000000000
111111111111111111111111111111111111111111111100000000000000000000000000000000
111111111111111111111111111111111111111111111110000000000000000000000000000000
111111111111111111111111111111111111111111111111000000000000000000000000000000
111111111111111111111111111111111111111111111111100000000000000000000000000000
111111111111111111111111111111111111111111111111110000000000000000000000000000
111111111111111111111111111111111111111111111111111000000000000000000000000000
111111111111111111111111111111111111111111111111111100000000000000000000000000
111111111111111111111111111111111111111111111111111110000000000000000000000000
111111111111111111111111111111111111111111111111111111000000000000000000000000
111111111111111111111111111111111111111111111111111111100000000000000000000000
111111111111111111111111111111111111111111111111111111110000000000000000000000
111111111111111111111111111111111111111111111111111111111000000000000000000000
111111111111111111111111111111111111111111111111111111111100000000000000000000
111111111111111111111111111111111111111111111111111111111110000000000000000000
111111111111111111111111111111111111111111111111111111111111000000000000000000
111111111111111111111111111111111111111111111111111111111111100000000000000000
111111111111111111111111111111111111111111111111111111111111110000000000000000
111111111111111111111111111111111111111111111111111111111111111000000000000000
111111111111111111111111111111111111111111111111111111111111111100000000000000
111111111111111111111111111111111111111111111111111111111111111110000000000000
111111111111111111111111111111111111111111111111111111111111111111000000000000
111111111111111111111111111111111111111111111111111111111111111111100000000000
111111111111111111111111111111111111111111111111111111111111111111110000000000
111111111111111111111111111111111111111111111111111111111111111111111000000000
111111111111111111111111111111111111111111111111111111111111111111111100000000
111111111111111111111111111111111111111111111111111111111111111111111110000000
111111111111111111111111111111111111111111111111111111111111111111111111000000
111111111111111111111111111111111111111111111111111111111111111111111111100000
111111111111111111111111111111111111111111111111111111111111111111111111110000
111111111111111111111111111111111111111111111111111111111111111111111111111000
16
29
48
48
37
47
51
63
21
23
23
63
31
53
41
38
15
31
21
62
28
54
37
57
41
43
53
57
40
28
11
52
30
40
26
24
43
16
27
43
33
43
30
42
26
56
24
37
35
16
61
59
28
39
41
24
44
52
34
29
45
34
37
59
20
42
51
47
35
57
23
23
19
13
17
40
66
22
33
15
51
37
46
17
20
11
35
38
17
33
20
53
29
39
37
32
36
57
31
49
