7
000000000000000000000
100000000000000000000
110000000000000000000
111000000000000000000
111100000000000000000
111110000000000000000
111111000000000000000
111111100000000000000
111111110000000000000
111111111000000000000
111111111100000000000
111111111110000000000
111111111111000000000
111111111111100000000
111111111111110000000
111111111111111000000
111111111111111100000
111111111111111110000
111111111111111111000
15
15
6
8
10
10
12
8
11
15
11
12
10
12
6
12
7
14
11
10
9
8
9
10
12
9
9
13
10
10
8
9
5
8
11
7
6
13
15
8
13
9
8
10
9
10
17
13
10
10
8
10
11
12
12
16
11
8
13
6
14
10
6
9
10
13
9
8
8
8
15
9
11
10
12
8
10
8
11
11
10
6
11
12
10
13
14
11
10
5
15
7
6
11
10
10
12
12
11
13
