8
0000000000000000000000000000
1000000000000000000000000000
1100000000000000000000000000
1110000000000000000000000000
1111000000000000000000000000
1111100000000000000000000000
1111110000000000000000000000
1111111000000000000000000000
1111111100000000000000000000
1111111110000000000000000000
1111111111000000000000000000
1111111111100000000000000000
1111111111110000000000000000
1111111111111000000000000000
1111111111111100000000000000
1111111111111110000000000000
1111111111111111000000000000
1111111111111111100000000000
1111111111111111110000000000
1111111111111111111000000000
1111111111111111111100000000
1111111111111111111110000000
1111111111111111111111000000
1111111111111111111111100000
1111111111111111111111110000
1111111111111111111111111000
1111111111111111111111111100
1111111111111111111111111110
12
13
11
15
11
13
16
17
13
17
12
17
11
19
13
15
12
13
13
12
16
11
10
3
14
9
12
13
19
18
17
16
11
9
10
10
14
17
10
17
12
11
13
13
17
13
13
16
15
17
15
11
13
18
11
12
12
16
18
15
16
11
11
18
14
15
12
14
7
10
14
12
11
12
9
12
14
18
9
16
15
17
16
9
14
9
13
21
12
18
18
13
9
13
20
13
21
9
9
18
