8
0000000000000000000000000000
1000000000000000000000000000
1100000000000000000000000000
1110000000000000000000000000
1111000000000000000000000000
1111100000000000000000000000
1111110000000000000000000000
1111111000000000000000000000
1111111100000000000000000000
1111111110000000000000000000
1111111111000000000000000000
1111111111100000000000000000
1111111111110000000000000000
1111111111111000000000000000
1111111111111100000000000000
1111111111111110000000000000
1111111111111111000000000000
1111111111111111100000000000
1111111111111111110000000000
1111111111111111111000000000
1111111111111111111100000000
1111111111111111111110000000
5
13
8
17
7
3
8
15
18
13
10
16
11
11
17
8
11
14
15
8
5
12
9
12
5
17
12
7
9
13
6
13
14
9
12
16
16
9
12
16
11
21
7
7
9
14
16
8
5
5
18
9
12
8
12
8
15
17
14
15
15
13
14
5
20
19
12
10
8
8
12
14
11
13
16
9
6
18
20
11
4
9
13
4
11
6
8
13
11
8
5
4
10
5
8
7
19
9
14
11
