8
0000000000000000000000000000
1000000000000000000000000000
1100000000000000000000000000
1110000000000000000000000000
1111000000000000000000000000
1111100000000000000000000000
1111110000000000000000000000
1111111000000000000000000000
1111111100000000000000000000
1111111110000000000000000000
1111111111000000000000000000
1111111111100000000000000000
1111111111110000000000000000
1111111111111000000000000000
1111111111111100000000000000
1111111111111110000000000000
1111111111111111000000000000
1111111111111111100000000000
1111111111111111110000000000
1111111111111111111000000000
1111111111111111111100000000
1111111111111111111110000000
1111111111111111111111000000
1111111111111111111111100000
8
6
11
6
14
12
14
17
7
23
5
19
20
3
17
7
7
3
3
14
3
19
16
18
15
2
13
5
1
16
10
17
5
22
14
20
2
17
4
19
8
17
2
19
9
22
19
22
19
19
18
9
14
11
19
11
11
8
13
10
14
5
20
18
3
18
9
15
9
19
14
13
16
10
1
3
22
2
21
17
12
13
18
15
5
16
20
22
3
20
22
10
19
11
12
11
15
2
5
8
