7
000000000000000000000
100000000000000000000
110000000000000000000
111000000000000000000
111100000000000000000
111110000000000000000
111111000000000000000
111111100000000000000
111111110000000000000
111111111000000000000
111111111100000000000
111111111110000000000
111111111111000000000
111111111111100000000
111111111111110000000
111111111111111000000
111111111111111100000
6
10
14
9
8
12
10
7
10
6
10
10
12
10
10
6
6
6
11
6
9
5
6
11
10
7
12
12
12
11
14
8
14
7
9
9
9
11
6
7
9
9
10
8
12
11
7
11
7
10
9
9
11
8
11
9
9
16
11
7
12
12
8
8
11
10
9
6
12
14
15
12
6
14
11
11
7
9
4
5
9
8
7
13
7
5
7
7
7
11
13
8
6
11
12
10
9
11
7
10
