7
000000000000000000000
100000000000000000000
110000000000000000000
111000000000000000000
111100000000000000000
111110000000000000000
111111000000000000000
111111100000000000000
111111110000000000000
111111111000000000000
111111111100000000000
111111111110000000000
111111111111000000000
111111111111100000000
111111111111110000000
111111111111111000000
15
3
2
14
13
2
2
6
12
4
12
12
6
7
7
7
14
6
6
1
5
10
7
9
9
13
9
9
11
11
2
4
9
10
11
15
4
3
8
9
13
5
15
7
10
15
10
14
8
11
12
5
12
10
3
9
11
7
10
2
9
8
11
8
9
7
5
13
2
9
6
13
9
10
9
11
12
12
0
6
5
2
12
5
6
11
9
1
3
12
6
9
12
7
10
13
4
12
6
2
