26
1111111111110000000000000111111111110000000000000111111111100000000000001111111110000000000000111111110000000000000111111100000000000001111110000000000000111110000000000000111100000000000001110000000000000110000000000000100000000000000000000000000000000000000000000000000000000000000000000000000000000000000000000000000000000
1111111111111000000000000111111111111000000000000111111111110000000000001111111111000000000000111111111000000000000111111110000000000001111111000000000000111111000000000000111110000000000001111000000000000111000000000000110000000000001000000000000000000000000000000000000000000000000000000000000000000000000000000000000000000
1111111111111100000000000111111111111100000000000111111111111000000000001111111111100000000000111111111100000000000111111111000000000001111111100000000000111111100000000000111111000000000001111100000000000111100000000000111000000000001100000000000100000000000000000000000000000000000000000000000000000000000000000000000000000
1111111111111110000000000111111111111110000000000111111111111100000000001111111111110000000000111111111110000000000111111111100000000001111111110000000000111111110000000000111111100000000001111110000000000111110000000000111100000000001110000000000110000000000100000000000000000000000000000000000000000000000000000000000000000
1111111111111111000000000111111111111111000000000111111111111110000000001111111111111000000000111111111111000000000111111111110000000001111111111000000000111111111000000000111111110000000001111111000000000111111000000000111110000000001111000000000111000000000110000000001000000000000000000000000000000000000000000000000000000
1111111111111111100000000111111111111111100000000111111111111111000000001111111111111100000000111111111111100000000111111111111000000001111111111100000000111111111100000000111111111000000001111111100000000111111100000000111111000000001111100000000111100000000111000000001100000000100000000000000000000000000000000000000000000
1111111111111111110000000111111111111111110000000111111111111111100000001111111111111110000000111111111111110000000111111111111100000001111111111110000000111111111110000000111111111100000001111111110000000111111110000000111111100000001111110000000111110000000111100000001110000000110000000100000000000000000000000000000000000
1111111111111111111000000111111111111111111000000111111111111111110000001111111111111111000000111111111111111000000111111111111110000001111111111111000000111111111111000000111111111110000001111111111000000111111111000000111111110000001111111000000111111000000111110000001111000000111000000110000001000000000000000000000000000
1111111111111111111100000111111111111111111100000111111111111111111000001111111111111111100000111111111111111100000111111111111111000001111111111111100000111111111111100000111111111111000001111111111100000111111111100000111111111000001111111100000111111100000111111000001111100000111100000111000001100000100000000000000000000
1111111111111111111110000111111111111111111110000111111111111111111100001111111111111111110000111111111111111110000111111111111111100001111111111111110000111111111111110000111111111111100001111111111110000111111111110000111111111100001111111110000111111110000111111100001111110000111110000111100001110000110000100000000000000
1111111111111111111111000111111111111111111111000111111111111111111110001111111111111111111000111111111111111111000111111111111111110001111111111111111000111111111111111000111111111111110001111111111111000111111111111000111111111110001111111111000111111111000111111110001111111000111111000111110001111000111000110001000000000
1111111111111111111111100111111111111111111111100111111111111111111111001111111111111111111100111111111111111111100111111111111111111001111111111111111100111111111111111100111111111111111001111111111111100111111111111100111111111111001111111111100111111111100111111111001111111100111111100111111001111100111100111001100100000
1111111111111111111111110111111111111111111111110111111111111111111111101111111111111111111110111111111111111111110111111111111111111101111111111111111110111111111111111110111111111111111101111111111111110111111111111110111111111111101111111111110111111111110111111111101111111110111111110111111101111110111110111101110110100
7
11
4
2
11
5
10
3
10
4
7
9
1
1
10
9
2
1
1
6
4
3
10
2
4
1
5
0
5
0
4
6
7
4
7
4
2
8
12
4
4
12
12
2
4
9
7
2
8
7
5
6
0
2
0
6
3
7
10
4
3
5
12
3
1
9
11
11
4
5
7
8
12
7
4
8
6
6
1
9
6
0
11
1
11
3
1
1
4
5
5
2
12
11
0
1
12
0
9
6
