12
000000000000000000000000000000000000000000000000000000000000000000
100000000000000000000000000000000000000000000000000000000000000000
110000000000000000000000000000000000000000000000000000000000000000
111000000000000000000000000000000000000000000000000000000000000000
111100000000000000000000000000000000000000000000000000000000000000
111110000000000000000000000000000000000000000000000000000000000000
111111000000000000000000000000000000000000000000000000000000000000
111111100000000000000000000000000000000000000000000000000000000000
111111110000000000000000000000000000000000000000000000000000000000
111111111000000000000000000000000000000000000000000000000000000000
111111111100000000000000000000000000000000000000000000000000000000
111111111110000000000000000000000000000000000000000000000000000000
111111111111000000000000000000000000000000000000000000000000000000
111111111111100000000000000000000000000000000000000000000000000000
111111111111110000000000000000000000000000000000000000000000000000
111111111111111000000000000000000000000000000000000000000000000000
111111111111111100000000000000000000000000000000000000000000000000
111111111111111110000000000000000000000000000000000000000000000000
111111111111111111000000000000000000000000000000000000000000000000
111111111111111111100000000000000000000000000000000000000000000000
111111111111111111110000000000000000000000000000000000000000000000
111111111111111111111000000000000000000000000000000000000000000000
111111111111111111111100000000000000000000000000000000000000000000
111111111111111111111110000000000000000000000000000000000000000000
111111111111111111111111000000000000000000000000000000000000000000
111111111111111111111111100000000000000000000000000000000000000000
111111111111111111111111110000000000000000000000000000000000000000
111111111111111111111111111000000000000000000000000000000000000000
111111111111111111111111111100000000000000000000000000000000000000
111111111111111111111111111110000000000000000000000000000000000000
111111111111111111111111111111000000000000000000000000000000000000
111111111111111111111111111111100000000000000000000000000000000000
111111111111111111111111111111110000000000000000000000000000000000
111111111111111111111111111111111000000000000000000000000000000000
111111111111111111111111111111111100000000000000000000000000000000
111111111111111111111111111111111110000000000000000000000000000000
111111111111111111111111111111111111000000000000000000000000000000
111111111111111111111111111111111111100000000000000000000000000000
111111111111111111111111111111111111110000000000000000000000000000
111111111111111111111111111111111111111000000000000000000000000000
111111111111111111111111111111111111111100000000000000000000000000
111111111111111111111111111111111111111110000000000000000000000000
111111111111111111111111111111111111111111000000000000000000000000
111111111111111111111111111111111111111111100000000000000000000000
111111111111111111111111111111111111111111110000000000000000000000
111111111111111111111111111111111111111111111000000000000000000000
111111111111111111111111111111111111111111111100000000000000000000
111111111111111111111111111111111111111111111110000000000000000000
111111111111111111111111111111111111111111111111000000000000000000
111111111111111111111111111111111111111111111111100000000000000000
111111111111111111111111111111111111111111111111110000000000000000
111111111111111111111111111111111111111111111111111000000000000000
111111111111111111111111111111111111111111111111111100000000000000
111111111111111111111111111111111111111111111111111110000000000000
111111111111111111111111111111111111111111111111111111000000000000
111111111111111111111111111111111111111111111111111111100000000000
111111111111111111111111111111111111111111111111111111110000000000
111111111111111111111111111111111111111111111111111111111000000000
111111111111111111111111111111111111111111111111111111111100000000
11
16
11
13
40
6
55
22
19
14
40
40
21
24
21
32
27
15
57
28
36
45
21
13
11
50
47
33
42
13
14
18
44
38
38
10
29
36
10
18
21
41
30
28
18
28
51
19
25
19
38
8
39
8
55
29
49
10
44
36
31
17
23
34
19
3
4
32
36
49
29
8
39
32
51
51
46
47
26
42
3
46
40
11
33
39
19
19
22
22
26
23
55
39
23
11
42
54
49
15
