9
000000000000000000000000000000000000
100000000000000000000000000000000000
110000000000000000000000000000000000
111000000000000000000000000000000000
111100000000000000000000000000000000
111110000000000000000000000000000000
111111000000000000000000000000000000
111111100000000000000000000000000000
111111110000000000000000000000000000
111111111000000000000000000000000000
111111111100000000000000000000000000
111111111110000000000000000000000000
111111111111000000000000000000000000
111111111111100000000000000000000000
111111111111110000000000000000000000
111111111111111000000000000000000000
111111111111111100000000000000000000
111111111111111110000000000000000000
111111111111111111000000000000000000
111111111111111111100000000000000000
111111111111111111110000000000000000
111111111111111111111000000000000000
111111111111111111111100000000000000
111111111111111111111110000000000000
111111111111111111111111000000000000
111111111111111111111111100000000000
111111111111111111111111110000000000
111111111111111111111111111000000000
111111111111111111111111111100000000
15
18
21
22
15
14
21
21
17
13
16
19
15
17
13
15
20
17
23
19
13
10
20
16
18
19
15
11
14
14
19
14
19
14
14
12
18
12
10
19
16
17
20
16
25
11
13
18
17
21
12
15
19
19
17
19
15
14
13
23
16
19
19
19
14
13
23
14
23
16
18
10
20
17
20
14
16
19
20
15
16
12
21
17
13
14
28
20
17
14
20
12
13
26
21
18
14
20
14
20
