7
000000000000000000000
100000000000000000000
110000000000000000000
111000000000000000000
111100000000000000000
111110000000000000000
111111000000000000000
111111100000000000000
111111110000000000000
111111111000000000000
111111111100000000000
111111111110000000000
111111111111000000000
111111111111100000000
111111111111110000000
111111111111111000000
111111111111111100000
11
9
8
8
9
13
13
11
12
10
14
11
9
9
10
10
13
9
9
12
11
11
9
8
12
6
9
11
9
8
10
9
7
13
11
13
9
8
15
8
8
4
12
12
8
10
7
14
8
12
11
9
9
7
10
13
10
12
13
11
14
13
4
7
9
8
7
10
10
7
6
13
13
11
11
13
11
6
8
7
7
10
8
13
9
14
7
8
9
14
11
10
14
7
8
10
4
6
10
8
