5
0000000000
1000000000
1100000000
1000000100
1110000000
1100100000
1100010000
1100000001
1111000000
1110100000
1110001000
1100100001
1100010100
1100010010
1111100000
1110110000
1110101000
1110100001
1110001010
1100010011
1111110000
1111100001
1110110100
1110110010
1110101001
1110001011
1111111000
11
13
18
6
7
16
17
14
4
23
20
16
26
12
13
20
2
17
23
10
10
2
3
3
25
26
2
23
16
5
16
15
20
1
24
13
10
19
7
20
6
23
9
10
20
20
26
16
19
17
1
16
18
13
24
10
5
26
17
26
11
7
10
23
26
10
24
5
5
6
16
6
19
2
6
11
17
13
6
4
5
4
11
10
5
12
10
14
24
26
24
26
6
22
26
26
9
26
22
20
