5
0000000000
1000000000
1100000000
1000000100
1110000000
1100100000
1100010000
1100000001
1111000000
1110100000
1110001000
1100100001
1100010100
1100010010
1111100000
1110110000
1110101000
1110100001
1110001010
1100010011
1111110000
1111100001
1110110100
1110110010
1110101001
1110001011
1111111000
1111110100
6
27
13
17
23
13
21
27
25
12
12
15
16
24
17
2
7
21
22
24
2
26
9
14
21
21
13
5
20
10
0
13
11
19
13
23
1
10
22
0
13
14
27
13
11
16
14
10
27
5
17
18
19
14
20
5
9
16
17
18
2
10
11
10
23
12
25
4
3
15
12
23
26
14
3
24
2
27
13
27
23
13
27
27
9
8
6
6
17
16
20
9
1
10
27
12
16
25
24
23
