10
000000000000000000000000000000000000000000000
100000000000000000000000000000000000000000000
110000000000000000000000000000000000000000000
111000000000000000000000000000000000000000000
111100000000000000000000000000000000000000000
111110000000000000000000000000000000000000000
111111000000000000000000000000000000000000000
111111100000000000000000000000000000000000000
111111110000000000000000000000000000000000000
111111111000000000000000000000000000000000000
111111111100000000000000000000000000000000000
111111111110000000000000000000000000000000000
111111111111000000000000000000000000000000000
111111111111100000000000000000000000000000000
111111111111110000000000000000000000000000000
111111111111111000000000000000000000000000000
111111111111111100000000000000000000000000000
111111111111111110000000000000000000000000000
111111111111111111000000000000000000000000000
111111111111111111100000000000000000000000000
111111111111111111110000000000000000000000000
111111111111111111111000000000000000000000000
111111111111111111111100000000000000000000000
111111111111111111111110000000000000000000000
111111111111111111111111000000000000000000000
111111111111111111111111100000000000000000000
111111111111111111111111110000000000000000000
111111111111111111111111111000000000000000000
111111111111111111111111111100000000000000000
111111111111111111111111111110000000000000000
111111111111111111111111111111000000000000000
111111111111111111111111111111100000000000000
111111111111111111111111111111110000000000000
111111111111111111111111111111111000000000000
111111111111111111111111111111111100000000000
111111111111111111111111111111111110000000000
111111111111111111111111111111111111000000000
111111111111111111111111111111111111100000000
111111111111111111111111111111111111110000000
111111111111111111111111111111111111111000000
111111111111111111111111111111111111111100000
111111111111111111111111111111111111111110000
37
12
39
40
37
35
17
13
5
36
11
36
36
36
34
38
38
31
29
10
20
17
34
21
4
35
21
33
2
36
4
17
24
33
37
1
41
27
29
29
19
11
2
25
36
2
24
37
18
29
4
31
18
21
37
32
25
27
19
28
5
22
32
22
12
39
14
30
0
16
26
28
40
11
18
14
2
7
2
35
22
27
20
9
32
35
3
26
13
6
20
39
27
6
28
14
29
8
25
8
