8
0000000000000000000000000000
1000000000000000000000000000
1100000000000000000000000000
1110000000000000000000000000
1111000000000000000000000000
1111100000000000000000000000
1111110000000000000000000000
1111111000000000000000000000
1111111100000000000000000000
1111111110000000000000000000
1111111111000000000000000000
1111111111100000000000000000
1111111111110000000000000000
1111111111111000000000000000
1111111111111100000000000000
1111111111111110000000000000
1111111111111111000000000000
1111111111111111100000000000
1111111111111111110000000000
1111111111111111111000000000
1111111111111111111100000000
1111111111111111111110000000
1111111111111111111111000000
1111111111111111111111100000
1111111111111111111111110000
18
15
18
8
11
15
11
13
17
11
11
15
14
11
16
12
11
10
15
19
17
9
14
9
12
11
16
15
13
11
11
17
12
17
16
17
4
15
13
18
14
13
8
16
6
12
15
16
13
10
14
13
15
7
14
14
13
14
12
11
12
18
14
19
13
14
16
13
12
17
10
14
19
9
17
16
17
9
6
12
12
11
6
14
11
16
6
15
12
16
18
11
15
10
16
16
16
17
21
18
