7
000000000000000000000
100000000000000000000
110000000000000000000
111000000000000000000
111100000000000000000
111110000000000000000
111111000000000000000
111111100000000000000
111111110000000000000
111111111000000000000
111111111100000000000
111111111110000000000
111111111111000000000
111111111111100000000
111111111111110000000
111111111111111000000
5
3
2
3
9
15
13
4
6
9
7
10
13
8
4
9
12
14
3
15
4
7
9
4
6
9
5
5
12
11
6
14
7
13
4
3
2
4
7
3
5
2
6
7
14
4
11
6
7
10
9
0
10
4
3
2
4
7
2
2
6
3
8
7
4
13
10
7
3
2
4
10
9
4
9
13
4
5
5
7
9
6
9
4
2
13
3
3
15
5
9
6
7
4
3
2
6
11
10
9
