8
0000000000000000000000000000
1000000000000000000000000000
1100000000000000000000000000
1110000000000000000000000000
1111000000000000000000000000
1111100000000000000000000000
1111110000000000000000000000
1111111000000000000000000000
1111111100000000000000000000
1111111110000000000000000000
1111111111000000000000000000
1111111111100000000000000000
1111111111110000000000000000
1111111111111000000000000000
1111111111111100000000000000
1111111111111110000000000000
1111111111111111000000000000
1111111111111111100000000000
1111111111111111110000000000
1111111111111111111000000000
1111111111111111111100000000
1111111111111111111110000000
1111111111111111111111000000
1111111111111111111111100000
1111111111111111111111110000
20
4
21
11
7
14
6
14
13
4
16
2
8
13
18
9
21
1
14
21
17
9
16
17
2
4
18
10
5
12
3
10
14
16
11
17
21
14
21
7
22
15
5
21
14
17
11
15
6
7
2
12
18
14
7
7
18
16
3
11
9
17
12
13
18
19
1
4
17
11
17
3
20
8
12
15
23
14
16
4
12
21
13
10
13
10
6
4
13
18
6
9
17
23
5
14
10
14
18
17
