8
0000000000000000000000000000
1000000000000000000000000000
1100000000000000000000000000
1110000000000000000000000000
1111000000000000000000000000
1111100000000000000000000000
1111110000000000000000000000
1111111000000000000000000000
1111111100000000000000000000
1111111110000000000000000000
1111111111000000000000000000
1111111111100000000000000000
1111111111110000000000000000
1111111111111000000000000000
1111111111111100000000000000
1111111111111110000000000000
1111111111111111000000000000
1111111111111111100000000000
1111111111111111110000000000
1111111111111111111000000000
1111111111111111111100000000
1111111111111111111110000000
1111111111111111111111000000
1111111111111111111111100000
1111111111111111111111110000
1111111111111111111111111000
1111111111111111111111111100
5
15
10
13
15
15
12
19
12
7
13
17
15
16
16
15
13
19
14
10
10
11
12
14
17
14
13
17
19
15
13
12
8
13
15
17
19
18
10
16
11
15
14
12
13
19
11
15
18
13
9
16
11
19
12
16
18
14
15
17
14
9
11
9
13
17
17
16
15
9
17
15
11
14
12
12
14
12
14
12
12
17
10
14
16
14
18
11
15
16
18
15
12
12
12
13
19
10
9
13
