5
0000000000
1000000000
1100000000
1000000100
1110000000
1100100000
1100010000
1100000001
1111000000
1110100000
1110001000
1100100001
1100010100
1100010010
1111100000
1110110000
1110101000
1110100001
1110001010
1100010011
1111110000
1111100001
12
6
13
0
14
4
1
6
13
0
12
13
16
6
9
2
12
7
21
21
20
10
11
10
14
17
1
13
21
2
13
5
17
6
9
2
21
3
3
16
17
7
6
6
10
11
14
18
14
11
18
9
5
12
16
10
2
1
7
18
21
5
15
13
11
3
5
7
14
10
21
21
6
17
9
12
2
0
20
11
3
13
6
13
0
0
7
10
5
17
21
16
9
19
1
3
17
10
21
10
