8
0000000000000000000000000000
1000000000000000000000000000
1100000000000000000000000000
1110000000000000000000000000
1111000000000000000000000000
1111100000000000000000000000
1111110000000000000000000000
1111111000000000000000000000
1111111100000000000000000000
1111111110000000000000000000
1111111111000000000000000000
1111111111100000000000000000
1111111111110000000000000000
1111111111111000000000000000
1111111111111100000000000000
1111111111111110000000000000
1111111111111111000000000000
1111111111111111100000000000
1111111111111111110000000000
1111111111111111111000000000
1111111111111111111100000000
1111111111111111111110000000
1111111111111111111111000000
1111111111111111111111100000
15
14
13
16
17
14
15
13
16
15
15
11
15
10
14
18
15
14
13
17
15
8
18
11
14
16
13
17
15
10
12
14
15
17
11
14
18
9
12
11
12
9
13
11
12
15
12
12
13
17
13
15
17
11
14
7
10
14
10
11
15
10
15
14
9
11
17
11
13
13
14
15
12
11
13
13
23
16
11
16
17
11
15
11
9
17
13
18
9
13
17
20
14
16
11
10
18
6
13
13
