7
000000000000000000000
100000000000000000000
110000000000000000000
111000000000000000000
111100000000000000000
111110000000000000000
111111000000000000000
111111100000000000000
111111110000000000000
111111111000000000000
111111111100000000000
111111111110000000000
111111111111000000000
111111111111100000000
111111111111110000000
111111111111111000000
111111111111111100000
111111111111111110000
111111111111111111000
111111111111111111100
111111111111111111110
11
10
5
5
9
7
11
8
5
6
7
15
10
11
11
8
4
7
11
7
8
11
7
2
6
10
13
13
8
11
8
11
9
10
3
8
9
9
6
5
9
10
7
13
7
12
13
13
17
6
12
11
6
7
5
5
15
7
7
11
5
8
7
5
7
13
12
7
10
13
9
14
11
14
14
8
6
15
16
6
14
11
15
14
4
13
10
10
11
13
15
8
17
10
14
9
9
13
18
9
