7
000000000000000000000
100000000000000000000
110000000000000000000
111000000000000000000
111100000000000000000
111110000000000000000
111111000000000000000
111111100000000000000
111111110000000000000
111111111000000000000
111111111100000000000
111111111110000000000
111111111111000000000
111111111111100000000
111111111111110000000
111111111111111000000
6
12
10
6
6
13
8
8
6
9
11
5
10
10
8
6
10
11
11
6
13
8
14
15
8
9
11
5
10
12
7
11
11
12
7
7
6
10
14
7
5
7
11
7
10
8
4
9
12
13
11
11
5
13
12
14
8
12
7
5
6
7
12
5
9
12
11
6
6
2
11
6
6
6
7
7
7
10
11
10
6
12
12
13
5
7
7
7
6
8
8
11
9
6
6
4
8
12
7
8
