12
000000000000000000000000000000000000000000000000000000000000000000
100000000000000000000000000000000000000000000000000000000000000000
110000000000000000000000000000000000000000000000000000000000000000
111000000000000000000000000000000000000000000000000000000000000000
111100000000000000000000000000000000000000000000000000000000000000
111110000000000000000000000000000000000000000000000000000000000000
111111000000000000000000000000000000000000000000000000000000000000
111111100000000000000000000000000000000000000000000000000000000000
111111110000000000000000000000000000000000000000000000000000000000
111111111000000000000000000000000000000000000000000000000000000000
111111111100000000000000000000000000000000000000000000000000000000
111111111110000000000000000000000000000000000000000000000000000000
111111111111000000000000000000000000000000000000000000000000000000
111111111111100000000000000000000000000000000000000000000000000000
111111111111110000000000000000000000000000000000000000000000000000
111111111111111000000000000000000000000000000000000000000000000000
111111111111111100000000000000000000000000000000000000000000000000
111111111111111110000000000000000000000000000000000000000000000000
111111111111111111000000000000000000000000000000000000000000000000
111111111111111111100000000000000000000000000000000000000000000000
111111111111111111110000000000000000000000000000000000000000000000
111111111111111111111000000000000000000000000000000000000000000000
111111111111111111111100000000000000000000000000000000000000000000
111111111111111111111110000000000000000000000000000000000000000000
111111111111111111111111000000000000000000000000000000000000000000
111111111111111111111111100000000000000000000000000000000000000000
111111111111111111111111110000000000000000000000000000000000000000
111111111111111111111111111000000000000000000000000000000000000000
111111111111111111111111111100000000000000000000000000000000000000
111111111111111111111111111110000000000000000000000000000000000000
111111111111111111111111111111000000000000000000000000000000000000
111111111111111111111111111111100000000000000000000000000000000000
111111111111111111111111111111110000000000000000000000000000000000
111111111111111111111111111111111000000000000000000000000000000000
111111111111111111111111111111111100000000000000000000000000000000
111111111111111111111111111111111110000000000000000000000000000000
111111111111111111111111111111111111000000000000000000000000000000
111111111111111111111111111111111111100000000000000000000000000000
111111111111111111111111111111111111110000000000000000000000000000
111111111111111111111111111111111111111000000000000000000000000000
111111111111111111111111111111111111111100000000000000000000000000
111111111111111111111111111111111111111110000000000000000000000000
111111111111111111111111111111111111111111000000000000000000000000
111111111111111111111111111111111111111111100000000000000000000000
111111111111111111111111111111111111111111110000000000000000000000
111111111111111111111111111111111111111111111000000000000000000000
111111111111111111111111111111111111111111111100000000000000000000
111111111111111111111111111111111111111111111110000000000000000000
111111111111111111111111111111111111111111111111000000000000000000
111111111111111111111111111111111111111111111111100000000000000000
111111111111111111111111111111111111111111111111110000000000000000
111111111111111111111111111111111111111111111111111000000000000000
111111111111111111111111111111111111111111111111111100000000000000
111111111111111111111111111111111111111111111111111110000000000000
111111111111111111111111111111111111111111111111111111000000000000
111111111111111111111111111111111111111111111111111111100000000000
111111111111111111111111111111111111111111111111111111110000000000
111111111111111111111111111111111111111111111111111111111000000000
40
20
32
31
45
19
11
48
29
13
22
29
46
26
43
7
35
19
21
27
17
44
47
13
37
16
11
34
19
40
48
16
22
35
16
28
9
32
28
44
13
19
8
32
48
50
16
32
11
25
52
36
24
20
32
36
50
32
31
32
49
47
38
51
22
35
48
44
12
30
22
34
26
20
13
26
23
35
23
38
16
51
18
21
17
55
36
12
39
17
10
39
34
34
40
48
45
37
24
22
