11
0000000000000000000000000000000000000000000000000000000
1000000000000000000000000000000000000000000000000000000
1100000000000000000000000000000000000000000000000000000
1110000000000000000000000000000000000000000000000000000
1111000000000000000000000000000000000000000000000000000
1111100000000000000000000000000000000000000000000000000
1111110000000000000000000000000000000000000000000000000
1111111000000000000000000000000000000000000000000000000
1111111100000000000000000000000000000000000000000000000
1111111110000000000000000000000000000000000000000000000
1111111111000000000000000000000000000000000000000000000
1111111111100000000000000000000000000000000000000000000
1111111111110000000000000000000000000000000000000000000
1111111111111000000000000000000000000000000000000000000
1111111111111100000000000000000000000000000000000000000
1111111111111110000000000000000000000000000000000000000
1111111111111111000000000000000000000000000000000000000
1111111111111111100000000000000000000000000000000000000
1111111111111111110000000000000000000000000000000000000
1111111111111111111000000000000000000000000000000000000
1111111111111111111100000000000000000000000000000000000
1111111111111111111110000000000000000000000000000000000
1111111111111111111111000000000000000000000000000000000
1111111111111111111111100000000000000000000000000000000
1111111111111111111111110000000000000000000000000000000
1111111111111111111111111000000000000000000000000000000
1111111111111111111111111100000000000000000000000000000
1111111111111111111111111110000000000000000000000000000
1111111111111111111111111111000000000000000000000000000
1111111111111111111111111111100000000000000000000000000
1111111111111111111111111111110000000000000000000000000
1111111111111111111111111111111000000000000000000000000
1111111111111111111111111111111100000000000000000000000
1111111111111111111111111111111110000000000000000000000
1111111111111111111111111111111111000000000000000000000
1111111111111111111111111111111111100000000000000000000
1111111111111111111111111111111111110000000000000000000
1111111111111111111111111111111111111000000000000000000
1111111111111111111111111111111111111100000000000000000
1111111111111111111111111111111111111110000000000000000
1111111111111111111111111111111111111111000000000000000
1111111111111111111111111111111111111111100000000000000
1111111111111111111111111111111111111111110000000000000
1111111111111111111111111111111111111111111000000000000
1111111111111111111111111111111111111111111100000000000
1111111111111111111111111111111111111111111110000000000
1111111111111111111111111111111111111111111111000000000
1111111111111111111111111111111111111111111111100000000
1111111111111111111111111111111111111111111111110000000
1111111111111111111111111111111111111111111111111000000
1111111111111111111111111111111111111111111111111100000
34
30
28
22
29
19
25
30
27
23
35
29
30
30
31
34
23
34
20
31
24
24
33
26
36
26
29
26
30
20
29
15
26
27
25
29
27
29
28
22
28
36
23
18
26
30
27
21
37
28
33
33
23
31
30
29
26
18
22
34
21
29
27
18
24
30
26
28
23
26
34
31
24
30
23
38
32
28
29
29
28
29
31
23
29
21
30
25
22
21
21
23
21
27
23
30
26
23
27
35
