7
000000000000000000000
100000000000000000000
110000000000000000000
111000000000000000000
111100000000000000000
111110000000000000000
111111000000000000000
111111100000000000000
111111110000000000000
111111111000000000000
111111111100000000000
111111111110000000000
111111111111000000000
111111111111100000000
111111111111110000000
111111111111111000000
111111111111111100000
111111111111111110000
111111111111111111000
111111111111111111100
111111111111111111110
14
1
12
15
10
4
9
3
9
11
9
16
7
15
15
11
19
11
12
10
6
13
17
17
3
11
19
12
11
3
10
14
10
10
7
9
12
4
16
19
11
17
6
9
11
18
15
4
3
11
6
11
12
9
13
10
3
14
2
13
6
11
7
13
9
13
14
6
5
3
10
3
19
19
3
9
1
6
11
3
5
2
4
3
15
10
5
5
5
14
12
7
2
11
4
6
17
19
4
4
