17
0000000000000000000000000000000000000000000000000000000000000000000000000000000000000000000000000000000000000000000000000000000000000000
1111111111111111000000000000000000000000000000000000000000000000000000000000000000000000000000000000000000000000000000000000000000000000
1111111111111111111111111111111000000000000000000000000000000000000000000000000000000000000000000000000000000000000000000000000000000000
1111111111111111111111111111111111111111111110000000000000000000000000000000000000000000000000000000000000000000000000000000000000000000
1111111111111111111111111111111111111111111111111111111111000000000000000000000000000000000000000000000000000000000000000000000000000000
1111111111111111111111111111111111111111111111111111111111111111111111000000000000000000000000000000000000000000000000000000000000000000
1111111111111111111111111111111111111111111111111111111111111111111111111111111110000000000000000000000000000000000000000000000000000000
1111111111111111111111111111111111111111111111111111111111111111111111111111111111111111111000000000000000000000000000000000000000000000
1111111000000000111111000000000111110000000001111000000000111000000000110000000001000000000000000000000000000000000000000000000000000000
1111111100000000111111100000000111111000000001111100000000111100000000111000000001100000000100000000000000000000000000000000000000000000
1111111110000000111111110000000111111100000001111110000000111110000000111100000001110000000110000000100000000000000000000000000000000000
1111111111000000111111111000000111111110000001111111000000111111000000111110000001111000000111000000110000001000000000000000000000000000
1111111111100000111111111100000111111111000001111111100000111111100000111111000001111100000111100000111000001100000100000000000000000000
1111111111110000111111111110000111111111100001111111110000111111110000111111100001111110000111110000111100001110000110000100000000000000
1111111111111000111111111111000111111111110001111111111000111111111000111111110001111111000111111000111110001111000111000110001000000000
1111111111111100111111111111100111111111111001111111111100111111111100111111111001111111100111111100111111001111100111100111001100100000
1111111111111110111111111111110111111111111101111111111110111111111110111111111101111111110111111110111111101111110111110111101110110100
# [6, 7, 7, 7, 7, 7, 7, 8, 8, 9, 13, 15, 15, 15, 15, 16, 16]
# [7, 7, 7, 7, 7, 7, 7, 7, 7, 7, 16, 16, 16, 16, 16, 16, 16]
7
# [0, 0, 0, 0, 1, 1, 1, 8, 8, 8, 9, 9, 9, 9, 9, 9, 9]
# [0, 0, 0, 0, 0, 0, 0, 9, 9, 9, 9, 9, 9, 9, 9, 9, 9]
10
# [2, 2, 2, 2, 2, 2, 2, 3, 3, 3, 3, 3, 4, 4, 5, 16, 16]
# [2, 2, 2, 2, 2, 2, 2, 2, 2, 2, 2, 2, 2, 2, 2, 16, 16]
2
# [4, 5, 5, 5, 5, 5, 6, 6, 6, 6, 6, 6, 14, 15, 16, 16, 16]
# [5, 5, 5, 5, 5, 5, 5, 5, 5, 5, 5, 5, 16, 16, 16, 16, 16]
5
# [0, 1, 1, 1, 2, 2, 9, 9, 10, 10, 10, 10, 10, 10, 11, 11, 11]
# [0, 0, 0, 0, 0, 0, 10, 10, 10, 10, 10, 10, 10, 10, 10, 10, 10]
11
# [0, 0, 0, 1, 1, 10, 10, 10, 10, 10, 11, 11, 11, 11, 11, 11, 12]
# [0, 0, 0, 0, 0, 11, 11, 11, 11, 11, 11, 11, 11, 11, 11, 11, 11]
12
# [0, 0, 1, 9, 10, 11, 11, 12, 12, 12, 12, 13, 13, 13, 13, 13, 13]
# [0, 0, 0, 13, 13, 13, 13, 13, 13, 13, 13, 13, 13, 13, 13, 13, 13]
14
# [2, 3, 3, 3, 3, 3, 3, 3, 3, 4, 4, 4, 4, 7, 15, 16, 16]
# [3, 3, 3, 3, 3, 3, 3, 3, 3, 3, 3, 3, 3, 3, 16, 16, 16]
3
# [1, 1, 2, 2, 2, 2, 2, 2, 2, 3, 3, 3, 3, 3, 3, 14, 16]
# [2, 2, 2, 2, 2, 2, 2, 2, 2, 2, 2, 2, 2, 2, 2, 16, 16]
2
# [2, 3, 3, 3, 3, 3, 3, 3, 4, 4, 5, 5, 5, 5, 14, 15, 16]
# [3, 3, 3, 3, 3, 3, 3, 3, 3, 3, 3, 3, 3, 3, 16, 16, 16]
3
# [1, 2, 2, 2, 2, 2, 2, 3, 3, 3, 3, 3, 3, 3, 3, 15, 16]
# [2, 2, 2, 2, 2, 2, 2, 2, 2, 2, 2, 2, 2, 2, 2, 16, 16]
2
# [0, 0, 1, 2, 3, 3, 9, 10, 10, 10, 10, 10, 10, 10, 10, 11, 11]
# [0, 0, 0, 0, 0, 0, 10, 10, 10, 10, 10, 10, 10, 10, 10, 10, 10]
11
# [0, 1, 2, 3, 10, 10, 11, 11, 11, 12, 12, 12, 12, 12, 13, 13, 13]
# [0, 0, 0, 0, 12, 12, 12, 12, 12, 12, 12, 12, 12, 12, 12, 12, 12]
13
# [6, 7, 7, 7, 7, 7, 7, 7, 7, 7, 14, 15, 16, 16, 16, 16, 16]
# [7, 7, 7, 7, 7, 7, 7, 7, 7, 7, 16, 16, 16, 16, 16, 16, 16]
7
# [0, 0, 0, 1, 2, 2, 5, 8, 8, 8, 8, 9, 9, 9, 10, 10, 11]
# [0, 0, 0, 0, 0, 0, 10, 10, 10, 10, 10, 10, 10, 10, 10, 10, 10]
11
# [0, 0, 1, 2, 12, 12, 12, 12, 12, 12, 12, 12, 12, 12, 12, 12, 13]
# [0, 0, 0, 0, 12, 12, 12, 12, 12, 12, 12, 12, 12, 12, 12, 12, 12]
13
# [0, 0, 13, 13, 13, 13, 14, 14, 14, 14, 14, 14, 14, 14, 14, 14, 14]
# [0, 0, 14, 14, 14, 14, 14, 14, 14, 14, 14, 14, 14, 14, 14, 14, 14]
15
# [1, 1, 1, 1, 1, 1, 1, 2, 2, 2, 2, 2, 3, 3, 3, 3, 15]
# [1, 1, 1, 1, 1, 1, 1, 1, 1, 1, 1, 1, 1, 1, 1, 1, 16]
1
# [1, 2, 2, 2, 2, 2, 2, 2, 3, 3, 3, 3, 3, 4, 5, 15, 16]
# [2, 2, 2, 2, 2, 2, 2, 2, 2, 2, 2, 2, 2, 2, 2, 16, 16]
2
# [2, 2, 3, 3, 3, 4, 4, 4, 4, 4, 5, 5, 5, 6, 15, 15, 16]
# [3, 3, 3, 3, 3, 3, 3, 3, 3, 3, 3, 3, 3, 3, 16, 16, 16]
3
# [6, 6, 6, 7, 7, 7, 8, 8, 8, 8, 14, 14, 15, 15, 15, 16, 16]
# [7, 7, 7, 7, 7, 7, 7, 7, 7, 7, 16, 16, 16, 16, 16, 16, 16]
7
# [1, 1, 1, 1, 1, 1, 1, 1, 1, 1, 2, 2, 2, 2, 2, 3, 15]
# [1, 1, 1, 1, 1, 1, 1, 1, 1, 1, 1, 1, 1, 1, 1, 1, 16]
1
# [0, 0, 0, 1, 1, 3, 8, 8, 9, 9, 9, 10, 10, 10, 11, 11, 12]
# [0, 0, 0, 0, 0, 0, 10, 10, 10, 10, 10, 10, 10, 10, 10, 10, 10]
11
# [1, 2, 2, 3, 3, 3, 3, 4, 4, 4, 4, 4, 4, 6, 14, 14, 15]
# [3, 3, 3, 3, 3, 3, 3, 3, 3, 3, 3, 3, 3, 3, 16, 16, 16]
3
# [1, 13, 13, 14, 14, 14, 14, 14, 14, 14, 14, 15, 15, 15, 15, 15, 16]
# [0, 15, 15, 15, 15, 15, 15, 15, 15, 15, 15, 15, 15, 15, 15, 15, 15]
16
# [2, 3, 3, 3, 3, 3, 3, 3, 3, 4, 4, 4, 4, 6, 14, 15, 15]
# [3, 3, 3, 3, 3, 3, 3, 3, 3, 3, 3, 3, 3, 3, 16, 16, 16]
3
# [0, 0, 0, 0, 1, 1, 2, 7, 8, 8, 9, 9, 9, 9, 9, 10, 10]
# [0, 0, 0, 0, 0, 0, 0, 9, 9, 9, 9, 9, 9, 9, 9, 9, 9]
10
# [0, 0, 0, 0, 1, 1, 9, 10, 10, 10, 10, 10, 10, 10, 10, 10, 11]
# [0, 0, 0, 0, 0, 0, 10, 10, 10, 10, 10, 10, 10, 10, 10, 10, 10]
11
# [0, 1, 2, 3, 11, 11, 11, 11, 11, 11, 11, 11, 11, 11, 12, 12, 14]
# [0, 0, 0, 0, 12, 12, 12, 12, 12, 12, 12, 12, 12, 12, 12, 12, 12]
13
# [0, 0, 0, 1, 1, 1, 1, 2, 3, 6, 7, 7, 7, 7, 8, 8, 9]
# [0, 0, 0, 0, 0, 0, 0, 0, 0, 7, 7, 7, 7, 7, 7, 7, 7]
8
# [0, 1, 11, 11, 12, 12, 12, 12, 12, 13, 13, 13, 13, 14, 14, 14, 15]
# [0, 0, 14, 14, 14, 14, 14, 14, 14, 14, 14, 14, 14, 14, 14, 14, 14]
15
# [1, 2, 3, 3, 3, 3, 3, 3, 3, 4, 4, 5, 5, 5, 15, 15, 15]
# [3, 3, 3, 3, 3, 3, 3, 3, 3, 3, 3, 3, 3, 3, 16, 16, 16]
3
# [0, 0, 0, 0, 1, 1, 9, 9, 9, 9, 10, 10, 10, 10, 10, 11, 11]
# [0, 0, 0, 0, 0, 0, 10, 10, 10, 10, 10, 10, 10, 10, 10, 10, 10]
11
# [0, 0, 0, 0, 0, 1, 1, 1, 1, 1, 1, 1, 1, 1, 1, 2, 2]
# [0, 0, 0, 0, 0, 0, 0, 0, 0, 0, 0, 0, 0, 0, 0, 0, 0]
0
# [1, 13, 13, 14, 14, 14, 15, 15, 15, 15, 15, 15, 15, 15, 15, 15, 15]
# [0, 15, 15, 15, 15, 15, 15, 15, 15, 15, 15, 15, 15, 15, 15, 15, 15]
16
# [0, 0, 1, 1, 1, 1, 2, 8, 8, 9, 9, 9, 9, 9, 9, 9, 9]
# [0, 0, 0, 0, 0, 0, 0, 9, 9, 9, 9, 9, 9, 9, 9, 9, 9]
10
# [1, 1, 1, 1, 1, 1, 1, 1, 2, 3, 3, 3, 3, 3, 3, 4, 16]
# [1, 1, 1, 1, 1, 1, 1, 1, 1, 1, 1, 1, 1, 1, 1, 1, 16]
1
# [0, 0, 0, 1, 1, 1, 2, 2, 2, 5, 6, 6, 6, 6, 6, 7, 7]
# [0, 0, 0, 0, 0, 0, 0, 0, 0, 0, 0, 0, 0, 0, 0, 0, 0]
0
# [0, 0, 1, 2, 10, 10, 10, 10, 10, 11, 11, 11, 11, 12, 12, 12, 13]
# [0, 0, 0, 0, 12, 12, 12, 12, 12, 12, 12, 12, 12, 12, 12, 12, 12]
13
# [0, 0, 0, 1, 1, 1, 1, 2, 2, 6, 6, 7, 7, 7, 7, 8, 8]
# [0, 0, 0, 0, 0, 0, 0, 0, 0, 7, 7, 7, 7, 7, 7, 7, 7]
8
# [1, 1, 1, 1, 1, 1, 1, 1, 1, 1, 1, 2, 2, 2, 2, 3, 14]
# [1, 1, 1, 1, 1, 1, 1, 1, 1, 1, 1, 1, 1, 1, 1, 1, 16]
1
# [4, 5, 5, 5, 5, 5, 5, 5, 6, 6, 6, 7, 14, 16, 16, 16, 16]
# [5, 5, 5, 5, 5, 5, 5, 5, 5, 5, 5, 5, 16, 16, 16, 16, 16]
5
# [5, 6, 6, 6, 6, 7, 7, 7, 7, 7, 14, 14, 14, 15, 15, 16, 16]
# [7, 7, 7, 7, 7, 7, 7, 7, 7, 7, 16, 16, 16, 16, 16, 16, 16]
7
# [0, 12, 13, 13, 13, 13, 14, 14, 14, 14, 14, 14, 14, 15, 15, 15, 15]
# [0, 15, 15, 15, 15, 15, 15, 15, 15, 15, 15, 15, 15, 15, 15, 15, 15]
16
# [0, 0, 0, 1, 1, 8, 8, 9, 9, 10, 10, 10, 10, 10, 11, 11, 12]
# [0, 0, 0, 0, 0, 11, 11, 11, 11, 11, 11, 11, 11, 11, 11, 11, 11]
12
# [3, 4, 4, 4, 4, 4, 5, 5, 5, 5, 6, 6, 6, 15, 16, 16, 16]
# [4, 4, 4, 4, 4, 4, 4, 4, 4, 4, 4, 4, 4, 16, 16, 16, 16]
4
# [0, 0, 0, 1, 1, 3, 9, 9, 9, 10, 10, 10, 10, 11, 11, 11, 11]
# [0, 0, 0, 0, 0, 0, 10, 10, 10, 10, 10, 10, 10, 10, 10, 10, 10]
11
# [3, 4, 4, 4, 4, 4, 4, 4, 4, 5, 5, 5, 5, 15, 16, 16, 16]
# [4, 4, 4, 4, 4, 4, 4, 4, 4, 4, 4, 4, 4, 16, 16, 16, 16]
4
# [1, 1, 2, 2, 2, 9, 10, 10, 11, 11, 11, 11, 11, 12, 12, 13, 13]
# [0, 0, 0, 0, 0, 11, 11, 11, 11, 11, 11, 11, 11, 11, 11, 11, 11]
12
# [0, 1, 1, 12, 12, 12, 13, 13, 13, 13, 13, 13, 13, 13, 13, 13, 14]
# [0, 0, 0, 13, 13, 13, 13, 13, 13, 13, 13, 13, 13, 13, 13, 13, 13]
14
# [0, 0, 1, 1, 2, 10, 10, 11, 11, 11, 11, 11, 11, 11, 12, 12, 13]
# [0, 0, 0, 0, 0, 11, 11, 11, 11, 11, 11, 11, 11, 11, 11, 11, 11]
12
# [0, 0, 0, 1, 1, 1, 2, 6, 7, 8, 8, 8, 9, 9, 9, 9, 10]
# [0, 0, 0, 0, 0, 0, 0, 9, 9, 9, 9, 9, 9, 9, 9, 9, 9]
10
# [2, 2, 2, 2, 2, 2, 3, 3, 3, 3, 3, 3, 3, 4, 4, 15, 16]
# [2, 2, 2, 2, 2, 2, 2, 2, 2, 2, 2, 2, 2, 2, 2, 16, 16]
2
# [1, 2, 2, 2, 2, 2, 2, 2, 3, 3, 3, 4, 4, 4, 4, 15, 15]
# [2, 2, 2, 2, 2, 2, 2, 2, 2, 2, 2, 2, 2, 2, 2, 16, 16]
2
# [1, 2, 2, 2, 2, 2, 2, 3, 3, 3, 4, 4, 4, 5, 5, 14, 14]
# [2, 2, 2, 2, 2, 2, 2, 2, 2, 2, 2, 2, 2, 2, 2, 16, 16]
2
# [0, 1, 1, 1, 1, 1, 1, 1, 1, 2, 2, 2, 2, 2, 2, 3, 15]
# [1, 1, 1, 1, 1, 1, 1, 1, 1, 1, 1, 1, 1, 1, 1, 1, 16]
1
# [4, 4, 4, 4, 5, 5, 5, 6, 6, 6, 6, 7, 14, 14, 16, 16, 16]
# [5, 5, 5, 5, 5, 5, 5, 5, 5, 5, 5, 5, 16, 16, 16, 16, 16]
5
# [0, 0, 0, 0, 0, 0, 1, 1, 1, 6, 7, 7, 7, 7, 7, 7, 7]
# [0, 0, 0, 0, 0, 0, 0, 0, 0, 0, 0, 0, 0, 0, 0, 0, 0]
0
# [3, 3, 3, 3, 3, 4, 4, 4, 4, 4, 5, 5, 6, 6, 15, 16, 16]
# [3, 3, 3, 3, 3, 3, 3, 3, 3, 3, 3, 3, 3, 3, 16, 16, 16]
3
# [3, 3, 3, 3, 3, 3, 4, 4, 4, 4, 4, 4, 5, 5, 15, 15, 16]
# [3, 3, 3, 3, 3, 3, 3, 3, 3, 3, 3, 3, 3, 3, 16, 16, 16]
3
# [5, 7, 7, 7, 7, 7, 8, 8, 8, 8, 13, 14, 15, 15, 15, 16, 16]
# [7, 7, 7, 7, 7, 7, 7, 7, 7, 7, 16, 16, 16, 16, 16, 16, 16]
7
# [6, 7, 7, 7, 7, 8, 8, 8, 8, 8, 14, 15, 15, 16, 16, 16, 16]
# [7, 7, 7, 7, 7, 7, 7, 7, 7, 7, 16, 16, 16, 16, 16, 16, 16]
7
# [3, 3, 3, 3, 3, 3, 4, 4, 4, 4, 5, 5, 5, 5, 15, 15, 16]
# [3, 3, 3, 3, 3, 3, 3, 3, 3, 3, 3, 3, 3, 3, 16, 16, 16]
3
# [3, 4, 4, 4, 4, 4, 4, 4, 5, 5, 5, 5, 6, 15, 16, 16, 16]
# [4, 4, 4, 4, 4, 4, 4, 4, 4, 4, 4, 4, 4, 16, 16, 16, 16]
4
# [6, 6, 7, 7, 7, 8, 8, 8, 9, 9, 12, 14, 15, 16, 16, 16, 16]
# [7, 7, 7, 7, 7, 7, 7, 7, 7, 7, 16, 16, 16, 16, 16, 16, 16]
7
# [1, 1, 1, 1, 1, 1, 2, 2, 2, 2, 2, 2, 2, 3, 3, 3, 15]
# [1, 1, 1, 1, 1, 1, 1, 1, 1, 1, 1, 1, 1, 1, 1, 1, 16]
1
# [3, 3, 4, 4, 4, 4, 4, 5, 5, 5, 5, 6, 6, 13, 15, 16, 16]
# [4, 4, 4, 4, 4, 4, 4, 4, 4, 4, 4, 4, 4, 16, 16, 16, 16]
4
# [3, 4, 4, 4, 4, 4, 4, 4, 4, 5, 5, 5, 5, 15, 16, 16, 16]
# [4, 4, 4, 4, 4, 4, 4, 4, 4, 4, 4, 4, 4, 16, 16, 16, 16]
4
# [5, 7, 7, 7, 7, 7, 7, 7, 7, 8, 14, 14, 14, 15, 16, 16, 16]
# [7, 7, 7, 7, 7, 7, 7, 7, 7, 7, 16, 16, 16, 16, 16, 16, 16]
7
# [0, 0, 0, 0, 1, 1, 1, 1, 1, 1, 1, 1, 1, 1, 1, 2, 3]
# [0, 0, 0, 0, 0, 0, 0, 0, 0, 0, 0, 0, 0, 0, 0, 0, 0]
0
# [2, 3, 3, 3, 3, 3, 3, 3, 3, 3, 3, 4, 4, 4, 14, 16, 16]
# [3, 3, 3, 3, 3, 3, 3, 3, 3, 3, 3, 3, 3, 3, 16, 16, 16]
3
# [2, 3, 3, 4, 4, 4, 4, 4, 4, 4, 5, 5, 6, 13, 14, 15, 16]
# [4, 4, 4, 4, 4, 4, 4, 4, 4, 4, 4, 4, 4, 16, 16, 16, 16]
4
# [1, 1, 2, 2, 11, 11, 11, 11, 12, 12, 12, 12, 12, 12, 13, 13, 14]
# [0, 0, 0, 0, 12, 12, 12, 12, 12, 12, 12, 12, 12, 12, 12, 12, 12]
13
# [2, 3, 3, 3, 3, 4, 4, 4, 4, 5, 5, 5, 5, 8, 14, 15, 15]
# [3, 3, 3, 3, 3, 3, 3, 3, 3, 3, 3, 3, 3, 3, 16, 16, 16]
3
# [0, 0, 0, 0, 0, 0, 0, 0, 0, 1, 1, 1, 1, 2, 2, 2, 2]
# [0, 0, 0, 0, 0, 0, 0, 0, 0, 0, 0, 0, 0, 0, 0, 0, 0]
0
# [0, 0, 1, 1, 10, 10, 10, 11, 11, 12, 12, 12, 12, 12, 12, 12, 12]
# [0, 0, 0, 0, 12, 12, 12, 12, 12, 12, 12, 12, 12, 12, 12, 12, 12]
13
# [4, 4, 5, 5, 5, 5, 5, 5, 6, 6, 6, 6, 14, 15, 15, 16, 16]
# [5, 5, 5, 5, 5, 5, 5, 5, 5, 5, 5, 5, 16, 16, 16, 16, 16]
5
# [0, 0, 0, 1, 1, 2, 9, 9, 9, 9, 9, 9, 9, 10, 11, 11, 11]
# [0, 0, 0, 0, 0, 0, 10, 10, 10, 10, 10, 10, 10, 10, 10, 10, 10]
11
# [4, 5, 5, 5, 5, 5, 5, 5, 6, 6, 6, 8, 15, 16, 16, 16, 16]
# [5, 5, 5, 5, 5, 5, 5, 5, 5, 5, 5, 5, 16, 16, 16, 16, 16]
5
# [0, 0, 1, 1, 2, 8, 10, 10, 10, 10, 10, 11, 11, 11, 11, 12, 12]
# [0, 0, 0, 0, 0, 11, 11, 11, 11, 11, 11, 11, 11, 11, 11, 11, 11]
12
# [1, 1, 2, 2, 2, 9, 10, 10, 10, 11, 11, 11, 11, 11, 11, 12, 13]
# [0, 0, 0, 0, 0, 11, 11, 11, 11, 11, 11, 11, 11, 11, 11, 11, 11]
12
# [1, 13, 13, 13, 13, 14, 14, 14, 14, 14, 15, 15, 15, 15, 15, 15, 15]
# [0, 15, 15, 15, 15, 15, 15, 15, 15, 15, 15, 15, 15, 15, 15, 15, 15]
16
# [0, 0, 0, 0, 0, 1, 1, 1, 1, 1, 1, 1, 1, 1, 2, 2, 3]
# [0, 0, 0, 0, 0, 0, 0, 0, 0, 0, 0, 0, 0, 0, 0, 0, 0]
0
# [1, 2, 2, 2, 2, 2, 2, 2, 3, 3, 3, 3, 4, 4, 4, 15, 16]
# [2, 2, 2, 2, 2, 2, 2, 2, 2, 2, 2, 2, 2, 2, 2, 16, 16]
2
# [0, 0, 0, 0, 1, 1, 8, 9, 9, 9, 10, 10, 10, 10, 10, 10, 11]
# [0, 0, 0, 0, 0, 0, 10, 10, 10, 10, 10, 10, 10, 10, 10, 10, 10]
11
# [1, 2, 2, 2, 2, 2, 3, 3, 3, 3, 3, 3, 3, 3, 4, 15, 16]
# [2, 2, 2, 2, 2, 2, 2, 2, 2, 2, 2, 2, 2, 2, 2, 16, 16]
2
# [4, 4, 5, 5, 5, 5, 5, 5, 6, 6, 6, 6, 14, 16, 16, 16, 16]
# [5, 5, 5, 5, 5, 5, 5, 5, 5, 5, 5, 5, 16, 16, 16, 16, 16]
5
# [0, 13, 14, 14, 14, 14, 14, 14, 14, 14, 15, 15, 15, 15, 15, 15, 15]
# [0, 15, 15, 15, 15, 15, 15, 15, 15, 15, 15, 15, 15, 15, 15, 15, 15]
16
# [4, 5, 5, 5, 5, 5, 5, 5, 5, 6, 6, 7, 14, 15, 16, 16, 16]
# [5, 5, 5, 5, 5, 5, 5, 5, 5, 5, 5, 5, 16, 16, 16, 16, 16]
5
# [0, 0, 0, 1, 1, 9, 9, 9, 10, 10, 11, 11, 11, 11, 11, 11, 11]
# [0, 0, 0, 0, 0, 11, 11, 11, 11, 11, 11, 11, 11, 11, 11, 11, 11]
12
# [0, 0, 0, 1, 9, 10, 10, 10, 11, 11, 12, 12, 12, 12, 12, 12, 12]
# [0, 0, 0, 0, 12, 12, 12, 12, 12, 12, 12, 12, 12, 12, 12, 12, 12]
13
# [0, 0, 0, 11, 12, 12, 12, 12, 12, 12, 12, 12, 13, 13, 13, 13, 13]
# [0, 0, 0, 13, 13, 13, 13, 13, 13, 13, 13, 13, 13, 13, 13, 13, 13]
14
# [0, 1, 2, 10, 11, 11, 12, 12, 12, 12, 12, 13, 13, 13, 13, 13, 14]
# [0, 0, 0, 13, 13, 13, 13, 13, 13, 13, 13, 13, 13, 13, 13, 13, 13]
14
# [0, 0, 0, 0, 0, 0, 0, 0, 0, 0, 1, 1, 1, 1, 1, 1, 2]
# [0, 0, 0, 0, 0, 0, 0, 0, 0, 0, 0, 0, 0, 0, 0, 0, 0]
0
# [0, 12, 12, 13, 13, 13, 14, 14, 14, 14, 14, 14, 14, 14, 15, 15, 15]
# [0, 15, 15, 15, 15, 15, 15, 15, 15, 15, 15, 15, 15, 15, 15, 15, 15]
16
# [2, 3, 3, 3, 3, 3, 3, 3, 3, 4, 4, 4, 4, 5, 14, 15, 16]
# [3, 3, 3, 3, 3, 3, 3, 3, 3, 3, 3, 3, 3, 3, 16, 16, 16]
3
# [0, 1, 1, 1, 10, 10, 11, 11, 11, 11, 11, 12, 12, 12, 12, 13, 13]
# [0, 0, 0, 0, 12, 12, 12, 12, 12, 12, 12, 12, 12, 12, 12, 12, 12]
13
# [0, 1, 2, 3, 11, 11, 11, 11, 11, 12, 12, 12, 12, 12, 12, 13, 14]
# [0, 0, 0, 0, 12, 12, 12, 12, 12, 12, 12, 12, 12, 12, 12, 12, 12]
13
# [0, 0, 1, 1, 1, 1, 1, 1, 7, 7, 8, 8, 8, 8, 8, 8, 8]
# [0, 0, 0, 0, 0, 0, 0, 0, 8, 8, 8, 8, 8, 8, 8, 8, 8]
9
# [0, 0, 0, 0, 0, 0, 0, 0, 0, 0, 0, 1, 1, 1, 1, 2, 2]
# [0, 0, 0, 0, 0, 0, 0, 0, 0, 0, 0, 0, 0, 0, 0, 0, 0]
0
