9
000000000000000000000000000000000000
100000000000000000000000000000000000
110000000000000000000000000000000000
111000000000000000000000000000000000
111100000000000000000000000000000000
111110000000000000000000000000000000
111111000000000000000000000000000000
111111100000000000000000000000000000
111111110000000000000000000000000000
111111111000000000000000000000000000
111111111100000000000000000000000000
111111111110000000000000000000000000
111111111111000000000000000000000000
111111111111100000000000000000000000
111111111111110000000000000000000000
111111111111111000000000000000000000
111111111111111100000000000000000000
111111111111111110000000000000000000
111111111111111111000000000000000000
111111111111111111100000000000000000
111111111111111111110000000000000000
111111111111111111111000000000000000
111111111111111111111100000000000000
111111111111111111111110000000000000
111111111111111111111111000000000000
111111111111111111111111100000000000
111111111111111111111111110000000000
111111111111111111111111111000000000
111111111111111111111111111100000000
111111111111111111111111111110000000
111111111111111111111111111111000000
111111111111111111111111111111100000
111111111111111111111111111111110000
19
22
11
19
19
20
15
11
27
23
25
15
10
20
18
9
7
13
16
20
17
24
19
18
25
18
16
16
25
17
9
16
8
16
20
18
19
20
21
17
21
15
14
23
18
18
12
20
19
18
20
24
20
18
26
22
16
11
15
17
13
19
14
16
19
18
14
6
22
16
22
15
10
18
22
20
15
23
23
23
19
11
21
13
20
15
20
12
13
9
17
16
21
18
15
20
20
19
19
9
