5
0000000000
1000000000
1100000000
1000000100
1110000000
1100100000
1100010000
1100000001
1111000000
1110100000
1110001000
1100100001
1100010100
1100010010
1111100000
1110110000
1110101000
1110100001
1110001010
1100010011
1111110000
1111100001
1110110100
1110110010
10
11
20
23
6
23
2
13
23
9
23
16
4
9
20
15
15
16
23
10
6
9
7
23
16
9
20
9
15
17
10
23
23
12
23
9
23
6
12
17
10
18
20
9
9
9
23
6
23
20
4
15
10
7
18
7
4
23
18
3
5
20
16
23
23
16
17
7
2
16
23
18
8
2
6
9
10
17
13
23
17
23
2
23
19
3
6
20
4
20
3
2
15
17
23
23
13
16
2
10
