14
0000000000000000000000000000000000000000000000000000000000000000000000000000000000000000000
1000000000000000000000000000000000000000000000000000000000000000000000000000000000000000000
1100000000000000000000000000000000000000000000000000000000000000000000000000000000000000000
1110000000000000000000000000000000000000000000000000000000000000000000000000000000000000000
1111000000000000000000000000000000000000000000000000000000000000000000000000000000000000000
1111100000000000000000000000000000000000000000000000000000000000000000000000000000000000000
1111110000000000000000000000000000000000000000000000000000000000000000000000000000000000000
1111111000000000000000000000000000000000000000000000000000000000000000000000000000000000000
1111111100000000000000000000000000000000000000000000000000000000000000000000000000000000000
1111111110000000000000000000000000000000000000000000000000000000000000000000000000000000000
1111111111000000000000000000000000000000000000000000000000000000000000000000000000000000000
1111111111100000000000000000000000000000000000000000000000000000000000000000000000000000000
1111111111110000000000000000000000000000000000000000000000000000000000000000000000000000000
1111111111111000000000000000000000000000000000000000000000000000000000000000000000000000000
1111111111111100000000000000000000000000000000000000000000000000000000000000000000000000000
1111111111111110000000000000000000000000000000000000000000000000000000000000000000000000000
1111111111111111000000000000000000000000000000000000000000000000000000000000000000000000000
1111111111111111100000000000000000000000000000000000000000000000000000000000000000000000000
1111111111111111110000000000000000000000000000000000000000000000000000000000000000000000000
1111111111111111111000000000000000000000000000000000000000000000000000000000000000000000000
1111111111111111111100000000000000000000000000000000000000000000000000000000000000000000000
1111111111111111111110000000000000000000000000000000000000000000000000000000000000000000000
1111111111111111111111000000000000000000000000000000000000000000000000000000000000000000000
1111111111111111111111100000000000000000000000000000000000000000000000000000000000000000000
1111111111111111111111110000000000000000000000000000000000000000000000000000000000000000000
1111111111111111111111111000000000000000000000000000000000000000000000000000000000000000000
1111111111111111111111111100000000000000000000000000000000000000000000000000000000000000000
1111111111111111111111111110000000000000000000000000000000000000000000000000000000000000000
1111111111111111111111111111000000000000000000000000000000000000000000000000000000000000000
1111111111111111111111111111100000000000000000000000000000000000000000000000000000000000000
1111111111111111111111111111110000000000000000000000000000000000000000000000000000000000000
1111111111111111111111111111111000000000000000000000000000000000000000000000000000000000000
1111111111111111111111111111111100000000000000000000000000000000000000000000000000000000000
1111111111111111111111111111111110000000000000000000000000000000000000000000000000000000000
1111111111111111111111111111111111000000000000000000000000000000000000000000000000000000000
1111111111111111111111111111111111100000000000000000000000000000000000000000000000000000000
1111111111111111111111111111111111110000000000000000000000000000000000000000000000000000000
1111111111111111111111111111111111111000000000000000000000000000000000000000000000000000000
1111111111111111111111111111111111111100000000000000000000000000000000000000000000000000000
1111111111111111111111111111111111111110000000000000000000000000000000000000000000000000000
1111111111111111111111111111111111111111000000000000000000000000000000000000000000000000000
1111111111111111111111111111111111111111100000000000000000000000000000000000000000000000000
1111111111111111111111111111111111111111110000000000000000000000000000000000000000000000000
1111111111111111111111111111111111111111111000000000000000000000000000000000000000000000000
1111111111111111111111111111111111111111111100000000000000000000000000000000000000000000000
1111111111111111111111111111111111111111111110000000000000000000000000000000000000000000000
1111111111111111111111111111111111111111111111000000000000000000000000000000000000000000000
1111111111111111111111111111111111111111111111100000000000000000000000000000000000000000000
1111111111111111111111111111111111111111111111110000000000000000000000000000000000000000000
1111111111111111111111111111111111111111111111111000000000000000000000000000000000000000000
1111111111111111111111111111111111111111111111111100000000000000000000000000000000000000000
1111111111111111111111111111111111111111111111111110000000000000000000000000000000000000000
1111111111111111111111111111111111111111111111111111000000000000000000000000000000000000000
1111111111111111111111111111111111111111111111111111100000000000000000000000000000000000000
1111111111111111111111111111111111111111111111111111110000000000000000000000000000000000000
1111111111111111111111111111111111111111111111111111111000000000000000000000000000000000000
1111111111111111111111111111111111111111111111111111111100000000000000000000000000000000000
1111111111111111111111111111111111111111111111111111111110000000000000000000000000000000000
1111111111111111111111111111111111111111111111111111111111000000000000000000000000000000000
1111111111111111111111111111111111111111111111111111111111100000000000000000000000000000000
1111111111111111111111111111111111111111111111111111111111110000000000000000000000000000000
1111111111111111111111111111111111111111111111111111111111111000000000000000000000000000000
1111111111111111111111111111111111111111111111111111111111111100000000000000000000000000000
1111111111111111111111111111111111111111111111111111111111111110000000000000000000000000000
1111111111111111111111111111111111111111111111111111111111111111000000000000000000000000000
1111111111111111111111111111111111111111111111111111111111111111100000000000000000000000000
1111111111111111111111111111111111111111111111111111111111111111110000000000000000000000000
1111111111111111111111111111111111111111111111111111111111111111111000000000000000000000000
1111111111111111111111111111111111111111111111111111111111111111111100000000000000000000000
1111111111111111111111111111111111111111111111111111111111111111111110000000000000000000000
1111111111111111111111111111111111111111111111111111111111111111111111000000000000000000000
1111111111111111111111111111111111111111111111111111111111111111111111100000000000000000000
1111111111111111111111111111111111111111111111111111111111111111111111110000000000000000000
1111111111111111111111111111111111111111111111111111111111111111111111111000000000000000000
1111111111111111111111111111111111111111111111111111111111111111111111111100000000000000000
1111111111111111111111111111111111111111111111111111111111111111111111111110000000000000000
1111111111111111111111111111111111111111111111111111111111111111111111111111000000000000000
1111111111111111111111111111111111111111111111111111111111111111111111111111100000000000000
1111111111111111111111111111111111111111111111111111111111111111111111111111110000000000000
1111111111111111111111111111111111111111111111111111111111111111111111111111111000000000000
1111111111111111111111111111111111111111111111111111111111111111111111111111111100000000000
1111111111111111111111111111111111111111111111111111111111111111111111111111111110000000000
1111111111111111111111111111111111111111111111111111111111111111111111111111111111000000000
1111111111111111111111111111111111111111111111111111111111111111111111111111111111100000000
1111111111111111111111111111111111111111111111111111111111111111111111111111111111110000000
1111111111111111111111111111111111111111111111111111111111111111111111111111111111111000000
1111111111111111111111111111111111111111111111111111111111111111111111111111111111111100000
1111111111111111111111111111111111111111111111111111111111111111111111111111111111111110000
1111111111111111111111111111111111111111111111111111111111111111111111111111111111111111000
1111111111111111111111111111111111111111111111111111111111111111111111111111111111111111100
1111111111111111111111111111111111111111111111111111111111111111111111111111111111111111110
38
24
43
18
40
41
51
62
67
64
64
54
62
35
62
75
30
62
21
40
34
39
71
31
42
74
36
46
36
71
50
30
16
49
38
42
63
35
47
26
50
47
25
21
41
31
66
27
63
67
62
41
58
14
39
55
45
26
47
61
36
68
57
25
17
48
43
79
49
36
22
55
64
46
19
60
35
52
54
53
50
51
42
24
68
23
75
57
40
34
32
73
28
68
44
51
47
46
74
43
