9
000000000000000000000000000000000000
100000000000000000000000000000000000
110000000000000000000000000000000000
111000000000000000000000000000000000
111100000000000000000000000000000000
111110000000000000000000000000000000
111111000000000000000000000000000000
111111100000000000000000000000000000
111111110000000000000000000000000000
111111111000000000000000000000000000
111111111100000000000000000000000000
111111111110000000000000000000000000
111111111111000000000000000000000000
111111111111100000000000000000000000
111111111111110000000000000000000000
111111111111111000000000000000000000
111111111111111100000000000000000000
111111111111111110000000000000000000
111111111111111111000000000000000000
111111111111111111100000000000000000
111111111111111111110000000000000000
111111111111111111111000000000000000
111111111111111111111100000000000000
111111111111111111111110000000000000
111111111111111111111111000000000000
111111111111111111111111100000000000
111111111111111111111111110000000000
111111111111111111111111111000000000
111111111111111111111111111100000000
4
22
14
13
6
9
5
21
18
16
26
6
25
17
23
17
10
15
20
10
8
13
24
24
21
19
8
5
20
19
16
21
16
13
8
23
13
25
17
14
16
25
13
7
6
27
16
12
12
6
17
7
16
21
12
23
18
27
3
6
21
11
9
12
20
24
16
10
16
15
15
19
10
5
13
6
7
27
9
18
7
25
22
22
11
17
26
22
24
22
10
12
9
13
21
8
20
6
15
17
