5
0000000000
1000000000
1100000000
1000000100
1110000000
1100100000
1100010000
1100000001
1111000000
1110100000
1110001000
1100100001
1100010100
1100010010
1111100000
1110110000
1110101000
1110100001
1110001010
1100010011
1111110000
1111100001
1110110100
1110110010
1110101001
1110001011
25
4
18
6
18
19
17
20
17
23
25
25
25
1
16
18
21
2
13
17
25
16
21
25
16
6
9
25
5
13
18
24
2
9
23
25
14
18
10
20
12
10
10
6
20
25
23
15
17
6
25
19
7
25
13
9
7
20
13
14
24
1
25
23
2
10
13
20
25
24
17
23
24
25
10
23
24
6
25
15
25
21
19
18
14
13
6
16
10
23
25
17
17
24
25
23
18
24
24
7
