8
0000000000000000000000000000
1000000000000000000000000000
1100000000000000000000000000
1110000000000000000000000000
1111000000000000000000000000
1111100000000000000000000000
1111110000000000000000000000
1111111000000000000000000000
1111111100000000000000000000
1111111110000000000000000000
1111111111000000000000000000
1111111111100000000000000000
1111111111110000000000000000
1111111111111000000000000000
1111111111111100000000000000
1111111111111110000000000000
1111111111111111000000000000
1111111111111111100000000000
1111111111111111110000000000
1111111111111111111000000000
1111111111111111111100000000
1111111111111111111110000000
1111111111111111111111000000
1111111111111111111111100000
14
16
16
16
6
13
19
16
14
10
15
19
16
11
11
16
16
14
11
12
13
17
11
14
20
11
7
16
12
14
16
11
13
19
15
15
10
13
10
17
14
17
10
12
13
10
11
16
13
5
15
11
14
9
12
16
10
8
14
16
16
16
9
12
12
15
15
12
8
15
16
11
6
9
13
11
12
16
12
12
17
7
9
19
14
15
13
8
14
14
15
7
16
17
12
15
16
23
13
16
