5
0000000000
1000000000
1100000000
1000000100
1110000000
1100100000
1100010000
1100000001
1111000000
1110100000
1110001000
1100100001
1100010100
1100010010
1111100000
1110110000
1110101000
1110100001
1110001010
1100010011
1111110000
1111100001
10
19
4
3
21
6
21
21
17
13
18
14
0
21
15
13
18
18
6
21
20
10
10
16
21
9
17
14
6
21
18
6
17
6
21
21
2
21
19
10
21
21
17
17
2
21
16
9
17
12
7
4
16
17
2
18
21
13
17
16
21
13
20
20
19
6
20
21
13
9
21
3
11
21
18
15
21
16
21
5
17
13
14
8
15
8
10
5
21
18
19
21
17
21
13
10
6
21
21
10
