20
0000000000000000000000000000000000000000000000000000000000000000000000000000000000000000000000000000000000000000000000000000000000000000000000000000000000000000000000000000000000000000000000
1111111111111111111000000000000000000000000000000000000000000000000000000000000000000000000000000000000000000000000000000000000000000000000000000000000000000000000000000000000000000000000000
1111111111111111111111111111111111111000000000000000000000000000000000000000000000000000000000000000000000000000000000000000000000000000000000000000000000000000000000000000000000000000000000
1111111111111111111111111111111111111111111111111111110000000000000000000000000000000000000000000000000000000000000000000000000000000000000000000000000000000000000000000000000000000000000000
1111111111111111111111111111111111111111111111111111111111111111111111000000000000000000000000000000000000000000000000000000000000000000000000000000000000000000000000000000000000000000000000
1111111111111111111111111111111111111111111111111111111111111111111111111111111111111000000000000000000000000000000000000000000000000000000000000000000000000000000000000000000000000000000000
1111111111111111111111111111111111111111111111111111111111111111111111111111111111111111111111111110000000000000000000000000000000000000000000000000000000000000000000000000000000000000000000
1111111111111111111111111111111111111111111111111111111111111111111111111111111111111111111111111111111111111111000000000000000000000000000000000000000000000000000000000000000000000000000000
1111111111111111111111111111111111111111111111111111111111111111111111111111111111111111111111111111111111111111111111111111000000000000000000000000000000000000000000000000000000000000000000
1111111111111111111111111111111111111111111111111111111111111111111111111111111111111111111111111111111111111111111111111111111111111110000000000000000000000000000000000000000000000000000000
1111111110000000000111111110000000000111111100000000001111110000000000111110000000000111100000000001110000000000110000000000100000000000000000000000000000000000000000000000000000000000000000
1111111111000000000111111111000000000111111110000000001111111000000000111111000000000111110000000001111000000000111000000000110000000001000000000000000000000000000000000000000000000000000000
1111111111100000000111111111100000000111111111000000001111111100000000111111100000000111111000000001111100000000111100000000111000000001100000000100000000000000000000000000000000000000000000
1111111111110000000111111111110000000111111111100000001111111110000000111111110000000111111100000001111110000000111110000000111100000001110000000110000000100000000000000000000000000000000000
1111111111111000000111111111111000000111111111110000001111111111000000111111111000000111111110000001111111000000111111000000111110000001111000000111000000110000001000000000000000000000000000
1111111111111100000111111111111100000111111111111000001111111111100000111111111100000111111111000001111111100000111111100000111111000001111100000111100000111000001100000100000000000000000000
1111111111111110000111111111111110000111111111111100001111111111110000111111111110000111111111100001111111110000111111110000111111100001111110000111110000111100001110000110000100000000000000
1111111111111111000111111111111111000111111111111110001111111111111000111111111111000111111111110001111111111000111111111000111111110001111111000111111000111110001111000111000110001000000000
1111111111111111100111111111111111100111111111111111001111111111111100111111111111100111111111111001111111111100111111111100111111111001111111100111111100111111001111100111100111001100100000
1111111111111111110111111111111111110111111111111111101111111111111110111111111111110111111111111101111111111110111111111110111111111101111111110111111110111111101111110111110111101110110100
# [1, 1, 2, 2, 2, 2, 3, 3, 9, 9, 10, 10, 10, 10, 10, 11, 11, 12, 12, 14]
# [0, 0, 0, 0, 0, 0, 0, 0, 11, 11, 11, 11, 11, 11, 11, 11, 11, 11, 11, 11]
12
# [4, 4, 5, 5, 5, 5, 6, 6, 6, 6, 6, 7, 7, 7, 8, 9, 16, 17, 18, 19]
# [4, 4, 4, 4, 4, 4, 4, 4, 4, 4, 4, 4, 4, 4, 4, 4, 19, 19, 19, 19]
4
# [5, 6, 6, 6, 6, 6, 7, 7, 7, 7, 8, 8, 9, 9, 16, 16, 17, 18, 18, 18]
# [6, 6, 6, 6, 6, 6, 6, 6, 6, 6, 6, 6, 6, 6, 19, 19, 19, 19, 19, 19]
6
# [4, 4, 6, 6, 6, 6, 7, 7, 7, 7, 7, 7, 7, 8, 8, 16, 16, 17, 18, 18]
# [5, 5, 5, 5, 5, 5, 5, 5, 5, 5, 5, 5, 5, 5, 5, 19, 19, 19, 19, 19]
5
# [0, 0, 2, 12, 13, 14, 14, 14, 14, 14, 14, 15, 15, 15, 15, 15, 15, 16, 16, 17]
# [0, 0, 0, 16, 16, 16, 16, 16, 16, 16, 16, 16, 16, 16, 16, 16, 16, 16, 16, 16]
17
# [0, 1, 1, 2, 2, 3, 4, 7, 10, 10, 11, 11, 12, 12, 12, 12, 12, 13, 13, 14]
# [0, 0, 0, 0, 0, 0, 0, 12, 12, 12, 12, 12, 12, 12, 12, 12, 12, 12, 12, 12]
13
# [0, 0, 1, 1, 1, 1, 2, 4, 9, 10, 10, 10, 11, 11, 11, 11, 11, 11, 12, 13]
# [0, 0, 0, 0, 0, 0, 0, 0, 11, 11, 11, 11, 11, 11, 11, 11, 11, 11, 11, 11]
12
# [9, 9, 9, 9, 9, 10, 10, 10, 11, 11, 11, 16, 17, 18, 18, 19, 19, 19, 19, 19]
# [9, 9, 9, 9, 9, 9, 9, 9, 9, 9, 9, 19, 19, 19, 19, 19, 19, 19, 19, 19]
9
# [8, 8, 9, 9, 10, 10, 10, 10, 11, 12, 12, 16, 16, 16, 17, 18, 18, 18, 19, 19]
# [9, 9, 9, 9, 9, 9, 9, 9, 9, 9, 9, 19, 19, 19, 19, 19, 19, 19, 19, 19]
9
# [0, 0, 0, 2, 2, 2, 3, 8, 10, 10, 11, 11, 11, 11, 12, 12, 12, 12, 13, 14]
# [0, 0, 0, 0, 0, 0, 0, 12, 12, 12, 12, 12, 12, 12, 12, 12, 12, 12, 12, 12]
13
# [1, 2, 2, 2, 2, 2, 2, 2, 2, 2, 2, 2, 3, 3, 3, 4, 4, 4, 4, 18]
# [1, 1, 1, 1, 1, 1, 1, 1, 1, 1, 1, 1, 1, 1, 1, 1, 1, 1, 1, 19]
1
# [3, 15, 15, 17, 17, 17, 17, 17, 17, 17, 17, 17, 17, 17, 18, 18, 18, 18, 18, 18]
# [0, 18, 18, 18, 18, 18, 18, 18, 18, 18, 18, 18, 18, 18, 18, 18, 18, 18, 18, 18]
19
# [0, 2, 2, 2, 4, 13, 13, 13, 13, 13, 13, 14, 14, 14, 14, 14, 15, 15, 15, 15]
# [0, 0, 0, 0, 0, 14, 14, 14, 14, 14, 14, 14, 14, 14, 14, 14, 14, 14, 14, 14]
15
# [3, 3, 4, 5, 5, 5, 5, 5, 5, 6, 6, 6, 7, 8, 8, 8, 13, 15, 18, 19]
# [4, 4, 4, 4, 4, 4, 4, 4, 4, 4, 4, 4, 4, 4, 4, 4, 19, 19, 19, 19]
4
# [3, 3, 4, 4, 5, 5, 5, 5, 5, 5, 6, 6, 6, 6, 7, 7, 17, 17, 18, 18]
# [4, 4, 4, 4, 4, 4, 4, 4, 4, 4, 4, 4, 4, 4, 4, 4, 19, 19, 19, 19]
4
# [0, 1, 2, 2, 2, 2, 3, 3, 3, 3, 6, 8, 8, 9, 9, 9, 9, 10, 10, 11]
# [0, 0, 0, 0, 0, 0, 0, 0, 0, 0, 9, 9, 9, 9, 9, 9, 9, 9, 9, 9]
10
# [3, 3, 4, 4, 4, 4, 4, 4, 4, 4, 5, 5, 5, 6, 6, 6, 7, 16, 17, 19]
# [3, 3, 3, 3, 3, 3, 3, 3, 3, 3, 3, 3, 3, 3, 3, 3, 3, 19, 19, 19]
3
# [0, 1, 2, 2, 3, 4, 9, 11, 11, 11, 11, 12, 12, 12, 12, 12, 13, 13, 13, 14]
# [0, 0, 0, 0, 0, 0, 13, 13, 13, 13, 13, 13, 13, 13, 13, 13, 13, 13, 13, 13]
14
# [4, 4, 4, 4, 4, 5, 5, 5, 5, 5, 5, 6, 6, 7, 7, 8, 16, 17, 17, 18]
# [4, 4, 4, 4, 4, 4, 4, 4, 4, 4, 4, 4, 4, 4, 4, 4, 19, 19, 19, 19]
4
# [7, 8, 9, 9, 9, 10, 10, 10, 10, 11, 11, 12, 16, 17, 18, 18, 18, 18, 18, 19]
# [8, 8, 8, 8, 8, 8, 8, 8, 8, 8, 8, 8, 19, 19, 19, 19, 19, 19, 19, 19]
8
# [6, 6, 7, 7, 7, 8, 8, 8, 8, 8, 9, 10, 10, 16, 17, 17, 18, 18, 18, 18]
# [7, 7, 7, 7, 7, 7, 7, 7, 7, 7, 7, 7, 7, 19, 19, 19, 19, 19, 19, 19]
7
# [1, 1, 1, 1, 1, 2, 3, 3, 3, 9, 9, 9, 10, 10, 10, 10, 10, 11, 12, 12]
# [0, 0, 0, 0, 0, 0, 0, 0, 0, 10, 10, 10, 10, 10, 10, 10, 10, 10, 10, 10]
11
# [4, 4, 5, 5, 5, 5, 5, 5, 6, 6, 6, 6, 6, 6, 7, 16, 16, 17, 18, 18]
# [5, 5, 5, 5, 5, 5, 5, 5, 5, 5, 5, 5, 5, 5, 5, 19, 19, 19, 19, 19]
5
# [2, 2, 3, 3, 3, 4, 4, 4, 4, 5, 5, 5, 5, 5, 6, 6, 7, 16, 18, 19]
# [3, 3, 3, 3, 3, 3, 3, 3, 3, 3, 3, 3, 3, 3, 3, 3, 3, 19, 19, 19]
3
# [2, 2, 2, 2, 2, 2, 2, 3, 3, 3, 3, 3, 3, 4, 4, 4, 4, 4, 19, 19]
# [2, 2, 2, 2, 2, 2, 2, 2, 2, 2, 2, 2, 2, 2, 2, 2, 2, 2, 19, 19]
2
# [0, 1, 1, 1, 2, 2, 3, 6, 10, 10, 10, 10, 10, 11, 11, 11, 11, 12, 13, 13]
# [0, 0, 0, 0, 0, 0, 0, 0, 11, 11, 11, 11, 11, 11, 11, 11, 11, 11, 11, 11]
12
# [6, 6, 7, 7, 7, 7, 7, 7, 8, 8, 8, 9, 9, 16, 17, 18, 18, 19, 19, 19]
# [7, 7, 7, 7, 7, 7, 7, 7, 7, 7, 7, 7, 7, 19, 19, 19, 19, 19, 19, 19]
7
# [2, 15, 15, 15, 16, 16, 16, 16, 16, 16, 17, 17, 17, 17, 17, 17, 17, 18, 18, 18]
# [0, 18, 18, 18, 18, 18, 18, 18, 18, 18, 18, 18, 18, 18, 18, 18, 18, 18, 18, 18]
19
# [6, 6, 6, 7, 7, 7, 7, 9, 9, 9, 9, 10, 12, 17, 17, 18, 18, 18, 19, 19]
# [7, 7, 7, 7, 7, 7, 7, 7, 7, 7, 7, 7, 7, 19, 19, 19, 19, 19, 19, 19]
7
# [5, 14, 15, 15, 15, 16, 16, 16, 17, 17, 17, 17, 17, 18, 18, 18, 18, 18, 18, 19]
# [0, 18, 18, 18, 18, 18, 18, 18, 18, 18, 18, 18, 18, 18, 18, 18, 18, 18, 18, 18]
19
# [0, 0, 1, 1, 2, 11, 11, 12, 12, 12, 13, 13, 13, 13, 13, 13, 14, 14, 14, 14]
# [0, 0, 0, 0, 0, 14, 14, 14, 14, 14, 14, 14, 14, 14, 14, 14, 14, 14, 14, 14]
15
# [1, 2, 4, 13, 14, 14, 14, 14, 14, 14, 14, 15, 15, 15, 15, 15, 15, 16, 16, 16]
# [0, 0, 0, 16, 16, 16, 16, 16, 16, 16, 16, 16, 16, 16, 16, 16, 16, 16, 16, 16]
17
# [0, 1, 2, 12, 12, 13, 13, 13, 14, 14, 14, 14, 15, 15, 16, 16, 16, 16, 16, 16]
# [0, 0, 0, 16, 16, 16, 16, 16, 16, 16, 16, 16, 16, 16, 16, 16, 16, 16, 16, 16]
17
# [1, 1, 2, 2, 12, 13, 13, 13, 13, 14, 14, 14, 14, 14, 14, 14, 15, 15, 16, 16]
# [0, 0, 0, 0, 15, 15, 15, 15, 15, 15, 15, 15, 15, 15, 15, 15, 15, 15, 15, 15]
16
# [0, 0, 0, 1, 1, 2, 2, 2, 2, 3, 8, 8, 8, 9, 9, 9, 9, 10, 10, 11]
# [0, 0, 0, 0, 0, 0, 0, 0, 0, 0, 9, 9, 9, 9, 9, 9, 9, 9, 9, 9]
10
# [0, 1, 1, 1, 1, 11, 12, 13, 13, 13, 13, 13, 14, 14, 14, 14, 14, 14, 15, 15]
# [0, 0, 0, 0, 0, 14, 14, 14, 14, 14, 14, 14, 14, 14, 14, 14, 14, 14, 14, 14]
15
# [0, 1, 2, 10, 12, 13, 14, 14, 14, 14, 14, 15, 15, 15, 15, 15, 15, 16, 16, 16]
# [0, 0, 0, 16, 16, 16, 16, 16, 16, 16, 16, 16, 16, 16, 16, 16, 16, 16, 16, 16]
17
# [2, 2, 2, 2, 4, 4, 4, 4, 4, 4, 4, 4, 4, 4, 5, 5, 5, 5, 16, 18]
# [2, 2, 2, 2, 2, 2, 2, 2, 2, 2, 2, 2, 2, 2, 2, 2, 2, 2, 19, 19]
2
# [0, 1, 2, 2, 2, 3, 3, 4, 9, 9, 10, 10, 10, 11, 11, 11, 12, 12, 13, 13]
# [0, 0, 0, 0, 0, 0, 0, 0, 11, 11, 11, 11, 11, 11, 11, 11, 11, 11, 11, 11]
12
# [1, 1, 1, 2, 13, 13, 14, 14, 14, 15, 15, 15, 15, 15, 15, 15, 15, 15, 17, 17]
# [0, 0, 0, 0, 15, 15, 15, 15, 15, 15, 15, 15, 15, 15, 15, 15, 15, 15, 15, 15]
16
# [1, 1, 1, 1, 1, 2, 2, 3, 3, 8, 8, 9, 9, 9, 10, 10, 10, 10, 11, 11]
# [0, 0, 0, 0, 0, 0, 0, 0, 0, 10, 10, 10, 10, 10, 10, 10, 10, 10, 10, 10]
11
# [7, 7, 8, 8, 8, 9, 9, 9, 9, 9, 10, 10, 16, 17, 18, 18, 18, 18, 19, 19]
# [8, 8, 8, 8, 8, 8, 8, 8, 8, 8, 8, 8, 19, 19, 19, 19, 19, 19, 19, 19]
8
# [3, 15, 16, 16, 16, 16, 17, 17, 17, 17, 17, 17, 17, 18, 18, 18, 18, 18, 18, 19]
# [0, 18, 18, 18, 18, 18, 18, 18, 18, 18, 18, 18, 18, 18, 18, 18, 18, 18, 18, 18]
19
# [2, 2, 3, 3, 3, 3, 3, 3, 3, 4, 4, 4, 4, 4, 4, 4, 4, 5, 17, 19]
# [2, 2, 2, 2, 2, 2, 2, 2, 2, 2, 2, 2, 2, 2, 2, 2, 2, 2, 19, 19]
2
# [3, 3, 4, 4, 4, 4, 4, 4, 4, 5, 5, 6, 6, 6, 6, 7, 17, 17, 18, 19]
# [4, 4, 4, 4, 4, 4, 4, 4, 4, 4, 4, 4, 4, 4, 4, 4, 19, 19, 19, 19]
4
# [4, 5, 5, 6, 6, 6, 6, 6, 7, 7, 7, 8, 8, 9, 16, 17, 18, 18, 18, 19]
# [6, 6, 6, 6, 6, 6, 6, 6, 6, 6, 6, 6, 6, 6, 19, 19, 19, 19, 19, 19]
6
# [2, 2, 2, 2, 2, 3, 3, 3, 3, 3, 4, 4, 4, 4, 4, 4, 5, 5, 17, 18]
# [2, 2, 2, 2, 2, 2, 2, 2, 2, 2, 2, 2, 2, 2, 2, 2, 2, 2, 19, 19]
2
# [2, 2, 2, 3, 5, 11, 11, 11, 13, 13, 13, 14, 14, 14, 14, 15, 15, 15, 15, 16]
# [0, 0, 0, 0, 0, 14, 14, 14, 14, 14, 14, 14, 14, 14, 14, 14, 14, 14, 14, 14]
15
# [5, 5, 5, 5, 5, 5, 5, 5, 5, 6, 6, 6, 6, 6, 7, 17, 17, 17, 17, 18]
# [5, 5, 5, 5, 5, 5, 5, 5, 5, 5, 5, 5, 5, 5, 5, 19, 19, 19, 19, 19]
5
# [6, 8, 8, 8, 8, 9, 9, 9, 10, 10, 10, 15, 16, 16, 16, 17, 18, 18, 18, 19]
# [9, 9, 9, 9, 9, 9, 9, 9, 9, 9, 9, 19, 19, 19, 19, 19, 19, 19, 19, 19]
9
# [4, 5, 5, 5, 5, 5, 5, 5, 5, 6, 6, 7, 7, 7, 7, 16, 17, 18, 18, 19]
# [5, 5, 5, 5, 5, 5, 5, 5, 5, 5, 5, 5, 5, 5, 5, 19, 19, 19, 19, 19]
5
# [1, 13, 14, 15, 15, 15, 15, 16, 16, 16, 16, 16, 16, 17, 17, 17, 17, 17, 17, 18]
# [0, 18, 18, 18, 18, 18, 18, 18, 18, 18, 18, 18, 18, 18, 18, 18, 18, 18, 18, 18]
19
# [0, 0, 2, 3, 11, 11, 12, 13, 13, 13, 13, 13, 14, 14, 14, 14, 14, 15, 15, 16]
# [0, 0, 0, 0, 15, 15, 15, 15, 15, 15, 15, 15, 15, 15, 15, 15, 15, 15, 15, 15]
16
# [7, 7, 8, 8, 8, 8, 9, 9, 10, 10, 11, 11, 16, 16, 17, 18, 18, 19, 19, 19]
# [8, 8, 8, 8, 8, 8, 8, 8, 8, 8, 8, 8, 19, 19, 19, 19, 19, 19, 19, 19]
8
# [2, 3, 3, 3, 3, 3, 3, 4, 5, 5, 5, 5, 5, 5, 5, 6, 6, 15, 17, 17]
# [3, 3, 3, 3, 3, 3, 3, 3, 3, 3, 3, 3, 3, 3, 3, 3, 3, 19, 19, 19]
3
# [0, 0, 0, 0, 1, 1, 1, 1, 1, 1, 2, 2, 2, 2, 2, 2, 2, 2, 3, 5]
# [0, 0, 0, 0, 0, 0, 0, 0, 0, 0, 0, 0, 0, 0, 0, 0, 0, 0, 0, 0]
0
# [0, 0, 1, 1, 1, 1, 1, 2, 2, 2, 2, 2, 2, 3, 3, 3, 3, 4, 4, 17]
# [1, 1, 1, 1, 1, 1, 1, 1, 1, 1, 1, 1, 1, 1, 1, 1, 1, 1, 1, 19]
1
# [1, 1, 3, 4, 4, 5, 10, 11, 12, 12, 12, 12, 13, 13, 13, 13, 13, 13, 14, 15]
# [0, 0, 0, 0, 0, 0, 13, 13, 13, 13, 13, 13, 13, 13, 13, 13, 13, 13, 13, 13]
14
# [0, 1, 12, 13, 13, 14, 14, 14, 15, 15, 15, 15, 15, 15, 15, 15, 16, 17, 17, 17]
# [0, 0, 17, 17, 17, 17, 17, 17, 17, 17, 17, 17, 17, 17, 17, 17, 17, 17, 17, 17]
18
# [1, 1, 1, 1, 1, 2, 2, 2, 2, 2, 2, 2, 3, 3, 3, 3, 3, 3, 4, 17]
# [1, 1, 1, 1, 1, 1, 1, 1, 1, 1, 1, 1, 1, 1, 1, 1, 1, 1, 1, 19]
1
# [1, 1, 1, 2, 2, 2, 3, 4, 5, 5, 8, 8, 9, 9, 9, 10, 10, 10, 10, 11]
# [0, 0, 0, 0, 0, 0, 0, 0, 0, 0, 9, 9, 9, 9, 9, 9, 9, 9, 9, 9]
10
# [0, 1, 1, 1, 2, 2, 3, 3, 3, 4, 6, 7, 8, 8, 9, 9, 9, 9, 11, 14]
# [0, 0, 0, 0, 0, 0, 0, 0, 0, 0, 9, 9, 9, 9, 9, 9, 9, 9, 9, 9]
10
# [5, 5, 5, 5, 5, 6, 6, 6, 6, 7, 7, 7, 7, 7, 15, 17, 18, 18, 18, 18]
# [6, 6, 6, 6, 6, 6, 6, 6, 6, 6, 6, 6, 6, 6, 19, 19, 19, 19, 19, 19]
6
# [5, 6, 6, 7, 7, 7, 7, 7, 8, 8, 9, 9, 9, 14, 16, 16, 16, 17, 18, 18]
# [7, 7, 7, 7, 7, 7, 7, 7, 7, 7, 7, 7, 7, 19, 19, 19, 19, 19, 19, 19]
7
# [0, 0, 1, 1, 1, 1, 2, 3, 3, 8, 8, 9, 9, 9, 9, 9, 10, 10, 10, 11]
# [0, 0, 0, 0, 0, 0, 0, 0, 0, 10, 10, 10, 10, 10, 10, 10, 10, 10, 10, 10]
11
# [8, 8, 8, 9, 9, 10, 10, 10, 10, 10, 10, 16, 17, 17, 18, 18, 18, 18, 19, 19]
# [9, 9, 9, 9, 9, 9, 9, 9, 9, 9, 9, 19, 19, 19, 19, 19, 19, 19, 19, 19]
9
# [1, 1, 1, 1, 3, 11, 11, 11, 12, 12, 13, 13, 13, 13, 13, 13, 13, 14, 14, 15]
# [0, 0, 0, 0, 0, 14, 14, 14, 14, 14, 14, 14, 14, 14, 14, 14, 14, 14, 14, 14]
15
# [3, 3, 4, 4, 4, 4, 4, 4, 4, 5, 5, 5, 5, 5, 5, 6, 17, 18, 18, 19]
# [4, 4, 4, 4, 4, 4, 4, 4, 4, 4, 4, 4, 4, 4, 4, 4, 19, 19, 19, 19]
4
# [0, 0, 0, 0, 1, 2, 2, 2, 3, 4, 8, 8, 8, 8, 8, 8, 9, 9, 9, 9]
# [0, 0, 0, 0, 0, 0, 0, 0, 0, 0, 0, 0, 0, 0, 0, 0, 0, 0, 0, 0]
0
# [5, 6, 6, 6, 7, 7, 7, 7, 7, 7, 8, 8, 8, 15, 16, 17, 17, 17, 17, 18]
# [7, 7, 7, 7, 7, 7, 7, 7, 7, 7, 7, 7, 7, 19, 19, 19, 19, 19, 19, 19]
7
# [2, 2, 3, 13, 14, 14, 15, 15, 15, 15, 15, 15, 15, 15, 15, 16, 16, 16, 16, 17]
# [0, 0, 0, 16, 16, 16, 16, 16, 16, 16, 16, 16, 16, 16, 16, 16, 16, 16, 16, 16]
17
# [2, 3, 14, 14, 15, 15, 15, 15, 16, 16, 16, 16, 16, 16, 16, 16, 16, 16, 17, 18]
# [0, 0, 17, 17, 17, 17, 17, 17, 17, 17, 17, 17, 17, 17, 17, 17, 17, 17, 17, 17]
18
# [1, 1, 1, 3, 3, 3, 3, 6, 10, 11, 11, 11, 11, 11, 12, 12, 12, 13, 14, 15]
# [0, 0, 0, 0, 0, 0, 0, 0, 11, 11, 11, 11, 11, 11, 11, 11, 11, 11, 11, 11]
12
# [2, 2, 15, 15, 15, 16, 16, 16, 16, 16, 16, 16, 16, 17, 17, 17, 17, 17, 18, 18]
# [0, 0, 17, 17, 17, 17, 17, 17, 17, 17, 17, 17, 17, 17, 17, 17, 17, 17, 17, 17]
18
# [0, 0, 1, 2, 3, 3, 4, 10, 10, 10, 11, 11, 11, 11, 11, 11, 12, 12, 13, 14]
# [0, 0, 0, 0, 0, 0, 0, 12, 12, 12, 12, 12, 12, 12, 12, 12, 12, 12, 12, 12]
13
# [4, 5, 5, 6, 6, 6, 7, 7, 7, 8, 8, 8, 9, 13, 14, 17, 17, 17, 17, 19]
# [7, 7, 7, 7, 7, 7, 7, 7, 7, 7, 7, 7, 7, 19, 19, 19, 19, 19, 19, 19]
7
# [2, 3, 3, 3, 3, 3, 3, 3, 3, 3, 3, 3, 3, 3, 4, 5, 5, 5, 16, 18]
# [2, 2, 2, 2, 2, 2, 2, 2, 2, 2, 2, 2, 2, 2, 2, 2, 2, 2, 19, 19]
2
# [5, 6, 6, 6, 7, 7, 7, 7, 7, 7, 8, 8, 9, 9, 17, 17, 18, 18, 18, 19]
# [6, 6, 6, 6, 6, 6, 6, 6, 6, 6, 6, 6, 6, 6, 19, 19, 19, 19, 19, 19]
6
# [3, 14, 14, 14, 15, 15, 15, 15, 15, 16, 16, 16, 16, 16, 17, 17, 17, 17, 18, 18]
# [0, 18, 18, 18, 18, 18, 18, 18, 18, 18, 18, 18, 18, 18, 18, 18, 18, 18, 18, 18]
19
# [0, 0, 1, 1, 2, 2, 2, 2, 3, 3, 8, 9, 9, 9, 9, 9, 10, 11, 11, 11]
# [0, 0, 0, 0, 0, 0, 0, 0, 0, 0, 9, 9, 9, 9, 9, 9, 9, 9, 9, 9]
10
# [0, 0, 0, 0, 0, 1, 1, 1, 1, 1, 1, 2, 2, 2, 3, 3, 3, 3, 3, 3]
# [0, 0, 0, 0, 0, 0, 0, 0, 0, 0, 0, 0, 0, 0, 0, 0, 0, 0, 0, 0]
0
# [1, 1, 1, 2, 4, 4, 11, 11, 12, 13, 13, 13, 13, 13, 13, 13, 14, 14, 14, 14]
# [0, 0, 0, 0, 0, 0, 13, 13, 13, 13, 13, 13, 13, 13, 13, 13, 13, 13, 13, 13]
14
# [1, 2, 3, 3, 4, 5, 6, 9, 11, 11, 11, 12, 12, 12, 12, 13, 13, 13, 13, 14]
# [0, 0, 0, 0, 0, 0, 0, 12, 12, 12, 12, 12, 12, 12, 12, 12, 12, 12, 12, 12]
13
# [0, 1, 1, 1, 1, 2, 3, 3, 3, 5, 8, 8, 8, 9, 10, 10, 10, 10, 10, 11]
# [0, 0, 0, 0, 0, 0, 0, 0, 0, 0, 9, 9, 9, 9, 9, 9, 9, 9, 9, 9]
10
# [1, 1, 1, 1, 1, 1, 1, 2, 2, 2, 2, 2, 3, 3, 3, 4, 4, 4, 5, 19]
# [1, 1, 1, 1, 1, 1, 1, 1, 1, 1, 1, 1, 1, 1, 1, 1, 1, 1, 1, 19]
1
# [0, 0, 1, 2, 12, 12, 13, 13, 14, 14, 14, 14, 14, 14, 14, 14, 15, 15, 15, 16]
# [0, 0, 0, 0, 15, 15, 15, 15, 15, 15, 15, 15, 15, 15, 15, 15, 15, 15, 15, 15]
16
# [4, 4, 5, 5, 5, 5, 5, 5, 5, 6, 6, 6, 6, 7, 8, 16, 16, 17, 18, 19]
# [5, 5, 5, 5, 5, 5, 5, 5, 5, 5, 5, 5, 5, 5, 5, 19, 19, 19, 19, 19]
5
# [1, 1, 2, 3, 13, 13, 14, 14, 14, 14, 14, 14, 14, 14, 15, 15, 15, 15, 15, 16]
# [0, 0, 0, 0, 15, 15, 15, 15, 15, 15, 15, 15, 15, 15, 15, 15, 15, 15, 15, 15]
16
# [0, 1, 2, 2, 2, 3, 6, 10, 10, 11, 11, 11, 11, 11, 12, 12, 12, 12, 13, 14]
# [0, 0, 0, 0, 0, 0, 0, 12, 12, 12, 12, 12, 12, 12, 12, 12, 12, 12, 12, 12]
13
# [4, 5, 5, 5, 6, 7, 7, 7, 7, 7, 8, 8, 8, 9, 16, 17, 17, 17, 18, 18]
# [6, 6, 6, 6, 6, 6, 6, 6, 6, 6, 6, 6, 6, 6, 19, 19, 19, 19, 19, 19]
6
# [0, 3, 3, 3, 3, 3, 4, 4, 5, 10, 10, 11, 11, 11, 11, 11, 11, 11, 12, 13]
# [0, 0, 0, 0, 0, 0, 0, 0, 0, 10, 10, 10, 10, 10, 10, 10, 10, 10, 10, 10]
11
# [0, 0, 0, 1, 1, 1, 2, 2, 3, 9, 10, 10, 10, 10, 10, 10, 11, 11, 11, 12]
# [0, 0, 0, 0, 0, 0, 0, 0, 0, 10, 10, 10, 10, 10, 10, 10, 10, 10, 10, 10]
11
# [0, 1, 1, 1, 1, 1, 1, 1, 1, 1, 1, 2, 2, 2, 3, 3, 3, 3, 5, 5]
# [0, 0, 0, 0, 0, 0, 0, 0, 0, 0, 0, 0, 0, 0, 0, 0, 0, 0, 0, 0]
0
# [7, 7, 7, 8, 8, 8, 8, 8, 9, 9, 9, 10, 15, 16, 17, 17, 17, 18, 18, 18]
# [8, 8, 8, 8, 8, 8, 8, 8, 8, 8, 8, 8, 19, 19, 19, 19, 19, 19, 19, 19]
8
# [0, 0, 0, 0, 1, 3, 11, 11, 11, 11, 12, 12, 12, 12, 13, 13, 13, 13, 14, 14]
# [0, 0, 0, 0, 0, 0, 13, 13, 13, 13, 13, 13, 13, 13, 13, 13, 13, 13, 13, 13]
14
# [4, 4, 4, 4, 4, 5, 5, 5, 6, 6, 6, 6, 6, 6, 6, 16, 17, 17, 18, 19]
# [5, 5, 5, 5, 5, 5, 5, 5, 5, 5, 5, 5, 5, 5, 5, 19, 19, 19, 19, 19]
5
# [2, 13, 14, 14, 14, 14, 15, 15, 15, 16, 16, 16, 17, 17, 17, 17, 17, 17, 18, 18]
# [0, 18, 18, 18, 18, 18, 18, 18, 18, 18, 18, 18, 18, 18, 18, 18, 18, 18, 18, 18]
19
# [0, 0, 1, 4, 11, 12, 12, 12, 13, 13, 13, 13, 13, 14, 14, 14, 14, 15, 15, 15]
# [0, 0, 0, 0, 15, 15, 15, 15, 15, 15, 15, 15, 15, 15, 15, 15, 15, 15, 15, 15]
16
# [1, 2, 14, 15, 15, 15, 15, 16, 16, 16, 16, 16, 16, 16, 16, 17, 17, 17, 17, 17]
# [0, 0, 17, 17, 17, 17, 17, 17, 17, 17, 17, 17, 17, 17, 17, 17, 17, 17, 17, 17]
18
# [2, 5, 5, 13, 14, 14, 14, 15, 15, 15, 15, 15, 15, 15, 15, 15, 15, 16, 16, 17]
# [0, 0, 0, 16, 16, 16, 16, 16, 16, 16, 16, 16, 16, 16, 16, 16, 16, 16, 16, 16]
17
