7
000000000000000000000
100000000000000000000
110000000000000000000
111000000000000000000
111100000000000000000
111110000000000000000
111111000000000000000
111111100000000000000
111111110000000000000
111111111000000000000
111111111100000000000
111111111110000000000
111111111111000000000
111111111111100000000
111111111111110000000
111111111111111000000
111111111111111100000
111111111111111110000
111111111111111111000
13
8
5
6
9
10
4
15
7
14
9
14
11
11
13
8
4
9
9
9
10
10
13
6
6
11
7
4
9
7
8
17
9
12
14
7
4
5
7
5
11
13
12
8
14
11
14
4
9
13
9
10
11
5
9
4
13
10
8
10
9
5
5
7
9
9
12
8
3
8
8
12
8
16
5
15
11
8
10
10
11
8
15
8
6
16
12
10
7
13
8
8
9
5
10
16
8
9
4
13
