8
0000000000000000000000000000
1000000000000000000000000000
1100000000000000000000000000
1110000000000000000000000000
1111000000000000000000000000
1111100000000000000000000000
1111110000000000000000000000
1111111000000000000000000000
1111111100000000000000000000
1111111110000000000000000000
1111111111000000000000000000
1111111111100000000000000000
1111111111110000000000000000
1111111111111000000000000000
1111111111111100000000000000
1111111111111110000000000000
1111111111111111000000000000
1111111111111111100000000000
1111111111111111110000000000
1111111111111111111000000000
1111111111111111111100000000
1111111111111111111110000000
1111111111111111111111000000
1111111111111111111111100000
1111111111111111111111110000
1111111111111111111111111000
1111111111111111111111111100
1111111111111111111111111110
15
15
11
12
19
14
12
12
11
7
16
5
13
16
11
17
19
16
13
18
12
13
15
18
6
13
13
16
14
13
17
15
15
13
12
12
9
15
8
6
7
15
17
10
15
9
7
12
20
15
8
11
12
15
19
15
11
16
13
10
18
12
16
14
16
10
19
15
14
16
20
17
16
11
10
14
15
18
8
14
12
8
14
18
9
17
18
15
13
19
12
14
16
17
16
15
10
16
10
15
