5
0000000000
1000000000
1100000000
1000000100
1110000000
1100100000
1100010000
1100000001
1111000000
1110100000
1110001000
1100100001
1100010100
1100010010
1111100000
1110110000
1110101000
1110100001
1110001010
1100010011
1111110000
1111100001
1110110100
1110110010
1110101001
1110001011
1111111000
9
8
3
10
19
12
20
15
17
7
14
6
1
13
15
26
6
18
6
9
16
21
18
13
16
15
17
17
6
6
7
3
6
6
26
10
7
18
26
17
13
20
26
14
20
2
14
23
13
4
3
14
20
10
26
15
17
17
13
8
12
10
9
2
17
16
10
23
20
19
3
13
26
16
4
20
18
20
23
18
25
24
16
7
23
7
21
2
13
4
20
13
20
26
0
9
9
25
22
19
