14
0000000000000000000000000000000000000000000000000000000000000000000000000000000000000000000
1000000000000000000000000000000000000000000000000000000000000000000000000000000000000000000
1100000000000000000000000000000000000000000000000000000000000000000000000000000000000000000
1110000000000000000000000000000000000000000000000000000000000000000000000000000000000000000
1111000000000000000000000000000000000000000000000000000000000000000000000000000000000000000
1111100000000000000000000000000000000000000000000000000000000000000000000000000000000000000
1111110000000000000000000000000000000000000000000000000000000000000000000000000000000000000
1111111000000000000000000000000000000000000000000000000000000000000000000000000000000000000
1111111100000000000000000000000000000000000000000000000000000000000000000000000000000000000
1111111110000000000000000000000000000000000000000000000000000000000000000000000000000000000
1111111111000000000000000000000000000000000000000000000000000000000000000000000000000000000
1111111111100000000000000000000000000000000000000000000000000000000000000000000000000000000
1111111111110000000000000000000000000000000000000000000000000000000000000000000000000000000
1111111111111000000000000000000000000000000000000000000000000000000000000000000000000000000
1111111111111100000000000000000000000000000000000000000000000000000000000000000000000000000
1111111111111110000000000000000000000000000000000000000000000000000000000000000000000000000
1111111111111111000000000000000000000000000000000000000000000000000000000000000000000000000
1111111111111111100000000000000000000000000000000000000000000000000000000000000000000000000
1111111111111111110000000000000000000000000000000000000000000000000000000000000000000000000
1111111111111111111000000000000000000000000000000000000000000000000000000000000000000000000
1111111111111111111100000000000000000000000000000000000000000000000000000000000000000000000
1111111111111111111110000000000000000000000000000000000000000000000000000000000000000000000
1111111111111111111111000000000000000000000000000000000000000000000000000000000000000000000
1111111111111111111111100000000000000000000000000000000000000000000000000000000000000000000
1111111111111111111111110000000000000000000000000000000000000000000000000000000000000000000
1111111111111111111111111000000000000000000000000000000000000000000000000000000000000000000
1111111111111111111111111100000000000000000000000000000000000000000000000000000000000000000
1111111111111111111111111110000000000000000000000000000000000000000000000000000000000000000
1111111111111111111111111111000000000000000000000000000000000000000000000000000000000000000
1111111111111111111111111111100000000000000000000000000000000000000000000000000000000000000
1111111111111111111111111111110000000000000000000000000000000000000000000000000000000000000
1111111111111111111111111111111000000000000000000000000000000000000000000000000000000000000
1111111111111111111111111111111100000000000000000000000000000000000000000000000000000000000
1111111111111111111111111111111110000000000000000000000000000000000000000000000000000000000
1111111111111111111111111111111111000000000000000000000000000000000000000000000000000000000
1111111111111111111111111111111111100000000000000000000000000000000000000000000000000000000
1111111111111111111111111111111111110000000000000000000000000000000000000000000000000000000
1111111111111111111111111111111111111000000000000000000000000000000000000000000000000000000
1111111111111111111111111111111111111100000000000000000000000000000000000000000000000000000
1111111111111111111111111111111111111110000000000000000000000000000000000000000000000000000
1111111111111111111111111111111111111111000000000000000000000000000000000000000000000000000
1111111111111111111111111111111111111111100000000000000000000000000000000000000000000000000
1111111111111111111111111111111111111111110000000000000000000000000000000000000000000000000
1111111111111111111111111111111111111111111000000000000000000000000000000000000000000000000
1111111111111111111111111111111111111111111100000000000000000000000000000000000000000000000
1111111111111111111111111111111111111111111110000000000000000000000000000000000000000000000
1111111111111111111111111111111111111111111111000000000000000000000000000000000000000000000
1111111111111111111111111111111111111111111111100000000000000000000000000000000000000000000
1111111111111111111111111111111111111111111111110000000000000000000000000000000000000000000
1111111111111111111111111111111111111111111111111000000000000000000000000000000000000000000
1111111111111111111111111111111111111111111111111100000000000000000000000000000000000000000
1111111111111111111111111111111111111111111111111110000000000000000000000000000000000000000
1111111111111111111111111111111111111111111111111111000000000000000000000000000000000000000
1111111111111111111111111111111111111111111111111111100000000000000000000000000000000000000
1111111111111111111111111111111111111111111111111111110000000000000000000000000000000000000
1111111111111111111111111111111111111111111111111111111000000000000000000000000000000000000
1111111111111111111111111111111111111111111111111111111100000000000000000000000000000000000
1111111111111111111111111111111111111111111111111111111110000000000000000000000000000000000
1111111111111111111111111111111111111111111111111111111111000000000000000000000000000000000
1111111111111111111111111111111111111111111111111111111111100000000000000000000000000000000
1111111111111111111111111111111111111111111111111111111111110000000000000000000000000000000
1111111111111111111111111111111111111111111111111111111111111000000000000000000000000000000
1111111111111111111111111111111111111111111111111111111111111100000000000000000000000000000
1111111111111111111111111111111111111111111111111111111111111110000000000000000000000000000
1111111111111111111111111111111111111111111111111111111111111111000000000000000000000000000
1111111111111111111111111111111111111111111111111111111111111111100000000000000000000000000
1111111111111111111111111111111111111111111111111111111111111111110000000000000000000000000
1111111111111111111111111111111111111111111111111111111111111111111000000000000000000000000
1111111111111111111111111111111111111111111111111111111111111111111100000000000000000000000
1111111111111111111111111111111111111111111111111111111111111111111110000000000000000000000
1111111111111111111111111111111111111111111111111111111111111111111111000000000000000000000
1111111111111111111111111111111111111111111111111111111111111111111111100000000000000000000
1111111111111111111111111111111111111111111111111111111111111111111111110000000000000000000
1111111111111111111111111111111111111111111111111111111111111111111111111000000000000000000
1111111111111111111111111111111111111111111111111111111111111111111111111100000000000000000
1111111111111111111111111111111111111111111111111111111111111111111111111110000000000000000
1111111111111111111111111111111111111111111111111111111111111111111111111111000000000000000
1111111111111111111111111111111111111111111111111111111111111111111111111111100000000000000
1111111111111111111111111111111111111111111111111111111111111111111111111111110000000000000
1111111111111111111111111111111111111111111111111111111111111111111111111111111000000000000
35
31
21
26
51
23
43
49
51
44
44
47
21
30
69
66
25
33
49
64
30
39
15
55
32
18
64
27
32
25
37
57
19
18
38
37
30
66
42
34
62
54
51
46
34
28
41
27
44
34
61
32
28
54
38
66
60
32
52
55
49
19
30
54
35
71
44
38
27
43
55
32
51
69
44
33
34
41
41
32
38
34
47
52
55
63
30
55
37
54
26
21
54
26
34
62
17
25
72
52
