5
0000000000
1000000000
1100000000
1000000100
1110000000
1100100000
1100010000
1100000001
1111000000
1110100000
1110001000
1100100001
1100010100
1100010010
1111100000
1110110000
1110101000
1110100001
1110001010
1100010011
1111110000
1111100001
1110110100
1110110010
1110101001
1110001011
1111111000
19
8
13
12
14
24
20
5
20
16
11
3
3
13
23
17
16
19
24
14
24
14
14
12
9
13
4
3
21
1
17
1
16
26
18
15
13
10
23
11
2
8
20
11
2
26
14
16
21
6
13
9
10
17
4
9
16
13
22
24
7
26
6
26
4
13
5
17
9
7
15
13
16
26
9
15
25
23
7
26
6
14
20
11
6
13
20
14
0
18
8
17
17
21
10
16
24
26
24
6
