5
0000000000
1000000000
1100000000
1000000100
1110000000
1100100000
1100010000
1100000001
1111000000
1110100000
1110001000
1100100001
1100010100
1100010010
1111100000
1110110000
1110101000
1110100001
1110001010
1100010011
1111110000
1111100001
19
20
13
11
13
9
21
8
7
9
14
13
13
14
4
21
3
12
1
20
6
16
20
2
7
21
17
9
6
16
21
17
21
16
16
9
9
13
20
6
18
21
13
20
0
21
7
18
9
7
18
21
7
21
9
10
3
21
21
10
6
2
10
10
16
17
9
19
13
16
14
1
14
13
12
21
21
18
21
2
21
17
11
10
18
7
10
13
17
21
4
4
14
16
11
5
21
6
13
0
