5
0000000000
1000000000
1100000000
1000000100
1110000000
1100100000
1100010000
1100000001
1111000000
1110100000
1110001000
1100100001
1100010100
1100010010
1111100000
1110110000
1110101000
1110100001
1110001010
1100010011
1111110000
1111100001
1110110100
1110110010
1110101001
1110001011
16
23
2
17
3
18
6
10
7
25
20
13
17
17
16
25
23
5
13
20
6
9
13
16
16
15
13
11
23
25
9
25
18
25
24
6
23
25
14
10
14
23
10
21
18
14
23
25
18
14
13
12
25
13
16
7
9
23
25
20
25
16
6
24
6
16
20
7
10
25
5
13
25
10
17
25
20
25
10
16
20
2
6
18
2
24
2
17
25
25
23
25
15
25
24
4
25
20
9
9
