7
000000000000000000000
100000000000000000000
110000000000000000000
111000000000000000000
111100000000000000000
111110000000000000000
111111000000000000000
111111100000000000000
111111110000000000000
111111111000000000000
111111111100000000000
111111111110000000000
111111111111000000000
111111111111100000000
111111111111110000000
111111111111111000000
8
9
7
8
8
11
10
11
11
6
9
11
10
8
9
12
9
14
4
11
10
10
6
12
13
6
11
8
12
7
12
13
9
9
10
6
13
11
6
11
8
11
7
9
12
6
12
4
3
13
6
9
9
13
13
13
11
7
6
9
9
9
6
10
6
4
6
11
11
4
11
15
8
11
9
9
10
12
15
7
11
9
11
15
8
9
13
15
13
6
7
3
9
8
15
6
9
10
5
9
