7
000000000000000000000
100000000000000000000
110000000000000000000
111000000000000000000
111100000000000000000
111110000000000000000
111111000000000000000
111111100000000000000
111111110000000000000
111111111000000000000
111111111100000000000
111111111110000000000
111111111111000000000
111111111111100000000
111111111111110000000
111111111111111000000
111111111111111100000
111111111111111110000
111111111111111111000
13
14
12
6
7
11
5
6
13
12
4
12
9
4
13
14
6
10
10
12
6
11
11
12
6
8
10
9
17
17
9
13
3
9
4
11
6
3
9
4
6
5
13
11
13
9
5
8
8
5
13
10
6
6
4
12
13
8
12
7
5
3
12
18
4
16
16
8
10
7
14
16
8
11
11
13
6
11
14
2
8
9
13
14
11
15
3
6
12
8
12
14
9
6
13
8
5
13
3
8
