6
000000000000000
100000000000000
110000000000000
100000000100000
111000000000000
110001000000000
110000100000000
110000000000100
100000000100001
111100000000000
111001000000000
111000010000000
111000000000001
110001000000100
110000100100000
110000100010000
110000100000001
110000000000110
111110000000000
111101000000000
111100001000000
111001100000000
111001010000000
111001000000100
111001000000001
111000011000000
111000010010000
111000010001000
111000010000001
110001000000110
110000100100001
110000100010100
110000100010010
111111000000000
111101100000000
111101001000000
111101000000100
111101000000010
111100001001000
38
33
10
38
38
15
38
38
38
38
15
38
32
38
38
38
38
38
24
33
11
34
38
15
38
38
38
38
38
38
38
37
38
38
4
38
38
38
38
37
16
26
38
38
38
38
38
7
38
38
38
34
28
36
38
38
20
38
38
38
22
38
38
38
38
38
16
38
2
38
38
38
38
32
38
38
24
38
38
38
38
38
38
26
38
38
38
38
31
38
7
38
38
38
15
38
38
38
11
38
