5
0000000000
1000000000
1100000000
1000000100
1110000000
1100100000
1100010000
1100000001
1111000000
1110100000
1110001000
1100100001
1100010100
1100010010
1111100000
1110110000
1110101000
1110100001
1110001010
1100010011
1111110000
1111100001
1110110100
1110110010
1110101001
1110001011
6
21
17
13
5
9
10
20
23
3
14
25
17
25
25
16
0
16
14
5
4
25
7
4
2
25
15
25
16
18
13
25
14
12
25
25
13
16
17
25
10
10
9
3
24
10
6
25
8
22
2
2
6
25
20
24
23
9
23
15
3
10
9
18
9
2
25
20
18
23
25
25
24
16
6
25
15
17
17
9
14
20
25
13
1
9
11
23
6
15
7
18
10
5
23
25
25
18
20
25
