34
000000000000000000000000000000000000000000000000000000000000000000000000000000000000000000000000000000000000000000000000000000000000000000000000000000000000000000000000000000000000000000000000000000000000000000000000000000000000000000000000000000000000000000000000000000000000000000000000000000000000000000000000000000000000000000000000000000000000000000000000000000000000000000000000000000000000000000000000000000000000000000000000000000000000000000000000000000000000000000000000000000000000000000000000000000000000000000000000000000000000000000000000000000000
111111111111111111111111111111111000000000000000000000000000000000000000000000000000000000000000000000000000000000000000000000000000000000000000000000000000000000000000000000000000000000000000000000000000000000000000000000000000000000000000000000000000000000000000000000000000000000000000000000000000000000000000000000000000000000000000000000000000000000000000000000000000000000000000000000000000000000000000000000000000000000000000000000000000000000000000000000000000000000000000000000000000000000000000000000000000000000000000000000000000000000000000000000000
111111111111111111111111111111111111111111111111111111111111111110000000000000000000000000000000000000000000000000000000000000000000000000000000000000000000000000000000000000000000000000000000000000000000000000000000000000000000000000000000000000000000000000000000000000000000000000000000000000000000000000000000000000000000000000000000000000000000000000000000000000000000000000000000000000000000000000000000000000000000000000000000000000000000000000000000000000000000000000000000000000000000000000000000000000000000000000000000000000000000000000000000000000000
111111111111111111111111111111111111111111111111111111111111111111111111111111111111111111111111000000000000000000000000000000000000000000000000000000000000000000000000000000000000000000000000000000000000000000000000000000000000000000000000000000000000000000000000000000000000000000000000000000000000000000000000000000000000000000000000000000000000000000000000000000000000000000000000000000000000000000000000000000000000000000000000000000000000000000000000000000000000000000000000000000000000000000000000000000000000000000000000000000000000000000000000000000000
111111111111111111111111111111111111111111111111111111111111111111111111111111111111111111111111111111111111111111111111111111000000000000000000000000000000000000000000000000000000000000000000000000000000000000000000000000000000000000000000000000000000000000000000000000000000000000000000000000000000000000000000000000000000000000000000000000000000000000000000000000000000000000000000000000000000000000000000000000000000000000000000000000000000000000000000000000000000000000000000000000000000000000000000000000000000000000000000000000000000000000000000000000000
111111111111111111111111111111111111111111111111111111111111111111111111111111111111111111111111111111111111111111111111111111111111111111111111111111111110000000000000000000000000000000000000000000000000000000000000000000000000000000000000000000000000000000000000000000000000000000000000000000000000000000000000000000000000000000000000000000000000000000000000000000000000000000000000000000000000000000000000000000000000000000000000000000000000000000000000000000000000000000000000000000000000000000000000000000000000000000000000000000000000000000000000000000000
111111111111111111111111111111111111111111111111111111111111111111111111111111111111111111111111111111111111111111111111111111111111111111111111111111111111111111111111111111111111111000000000000000000000000000000000000000000000000000000000000000000000000000000000000000000000000000000000000000000000000000000000000000000000000000000000000000000000000000000000000000000000000000000000000000000000000000000000000000000000000000000000000000000000000000000000000000000000000000000000000000000000000000000000000000000000000000000000000000000000000000000000000000000
111111111111111111111111111111111111111111111111111111111111111111111111111111111111111111111111111111111111111111111111111111111111111111111111111111111111111111111111111111111111111111111111111111111111111111000000000000000000000000000000000000000000000000000000000000000000000000000000000000000000000000000000000000000000000000000000000000000000000000000000000000000000000000000000000000000000000000000000000000000000000000000000000000000000000000000000000000000000000000000000000000000000000000000000000000000000000000000000000000000000000000000000000000000
111111111111111111111111111111111111111111111111111111111111111111111111111111111111111111111111111111111111111111111111111111111111111111111111111111111111111111111111111111111111111111111111111111111111111111111111111111111111111111110000000000000000000000000000000000000000000000000000000000000000000000000000000000000000000000000000000000000000000000000000000000000000000000000000000000000000000000000000000000000000000000000000000000000000000000000000000000000000000000000000000000000000000000000000000000000000000000000000000000000000000000000000000000000
111111111111111111111111111111111111111111111111111111111111111111111111111111111111111111111111111111111111111111111111111111111111111111111111111111111111111111111111111111111111111111111111111111111111111111111111111111111111111111111111111111111111111111111000000000000000000000000000000000000000000000000000000000000000000000000000000000000000000000000000000000000000000000000000000000000000000000000000000000000000000000000000000000000000000000000000000000000000000000000000000000000000000000000000000000000000000000000000000000000000000000000000000000000
111111111111111111111111111111111111111111111111111111111111111111111111111111111111111111111111111111111111111111111111111111111111111111111111111111111111111111111111111111111111111111111111111111111111111111111111111111111111111111111111111111111111111111111111111111111111111111111000000000000000000000000000000000000000000000000000000000000000000000000000000000000000000000000000000000000000000000000000000000000000000000000000000000000000000000000000000000000000000000000000000000000000000000000000000000000000000000000000000000000000000000000000000000000
111111111111111111111111111111111111111111111111111111111111111111111111111111111111111111111111111111111111111111111111111111111111111111111111111111111111111111111111111111111111111111111111111111111111111111111111111111111111111111111111111111111111111111111111111111111111111111111111111111111111111111110000000000000000000000000000000000000000000000000000000000000000000000000000000000000000000000000000000000000000000000000000000000000000000000000000000000000000000000000000000000000000000000000000000000000000000000000000000000000000000000000000000000000
111111111111111111111111111111111111111111111111111111111111111111111111111111111111111111111111111111111111111111111111111111111111111111111111111111111111111111111111111111111111111111111111111111111111111111111111111111111111111111111111111111111111111111111111111111111111111111111111111111111111111111111111111111111111111111000000000000000000000000000000000000000000000000000000000000000000000000000000000000000000000000000000000000000000000000000000000000000000000000000000000000000000000000000000000000000000000000000000000000000000000000000000000000000
111111111111111111111111111111111111111111111111111111111111111111111111111111111111111111111111111111111111111111111111111111111111111111111111111111111111111111111111111111111111111111111111111111111111111111111111111111111111111111111111111111111111111111111111111111111111111111111111111111111111111111111111111111111111111111111111111111111111111000000000000000000000000000000000000000000000000000000000000000000000000000000000000000000000000000000000000000000000000000000000000000000000000000000000000000000000000000000000000000000000000000000000000000000
111111111111111111111111111111111111111111111111111111111111111111111111111111111111111111111111111111111111111111111111111111111111111111111111111111111111111111111111111111111111111111111111111111111111111111111111111111111111111111111111111111111111111111111111111111111111111111111111111111111111111111111111111111111111111111111111111111111111111111111111111111111110000000000000000000000000000000000000000000000000000000000000000000000000000000000000000000000000000000000000000000000000000000000000000000000000000000000000000000000000000000000000000000000
111111111111111111111111111111111111111111111111111111111111111111111111111111111111111111111111111111111111111111111111111111111111111111111111111111111111111111111111111111111111111111111111111111111111111111111111111111111111111111111111111111111111111111111111111111111111111111111111111111111111111111111111111111111111111111111111111111111111111111111111111111111111111111111111111111000000000000000000000000000000000000000000000000000000000000000000000000000000000000000000000000000000000000000000000000000000000000000000000000000000000000000000000000000
111111111111111111111111111111111111111111111111111111111111111111111111111111111111111111111111111111111111111111111111111111111111111111111111111111111111111111111111111111111111111111111111111111111111111111111111111111111111111111111111111111111111111111111111111111111111111111111111111111111111111111111111111111111111111111111111111111111111111111111111111111111111111111111111111111111111111111111111000000000000000000000000000000000000000000000000000000000000000000000000000000000000000000000000000000000000000000000000000000000000000000000000000000000
111111111111111100000000000000000111111111111111000000000000000001111111111111100000000000000000111111111111100000000000000000111111111111000000000000000001111111111100000000000000000111111111100000000000000000111111111000000000000000001111111100000000000000000111111100000000000000000111111000000000000000001111100000000000000000111100000000000000000111000000000000000001100000000000000000100000000000000000000000000000000000000000000000000000000000000000000000000000000000000000000000000000000000000000000000000000000000000000000000000000000000000000000000000
111111111111111110000000000000000111111111111111100000000000000001111111111111110000000000000000111111111111110000000000000000111111111111100000000000000001111111111110000000000000000111111111110000000000000000111111111100000000000000001111111110000000000000000111111110000000000000000111111100000000000000001111110000000000000000111110000000000000000111100000000000000001110000000000000000110000000000000000100000000000000000000000000000000000000000000000000000000000000000000000000000000000000000000000000000000000000000000000000000000000000000000000000000000
111111111111111111000000000000000111111111111111110000000000000001111111111111111000000000000000111111111111111000000000000000111111111111110000000000000001111111111111000000000000000111111111111000000000000000111111111110000000000000001111111111000000000000000111111111000000000000000111111110000000000000001111111000000000000000111111000000000000000111110000000000000001111000000000000000111000000000000000110000000000000001000000000000000000000000000000000000000000000000000000000000000000000000000000000000000000000000000000000000000000000000000000000000000
111111111111111111100000000000000111111111111111111000000000000001111111111111111100000000000000111111111111111100000000000000111111111111111000000000000001111111111111100000000000000111111111111100000000000000111111111111000000000000001111111111100000000000000111111111100000000000000111111111000000000000001111111100000000000000111111100000000000000111111000000000000001111100000000000000111100000000000000111000000000000001100000000000000100000000000000000000000000000000000000000000000000000000000000000000000000000000000000000000000000000000000000000000000
111111111111111111110000000000000111111111111111111100000000000001111111111111111110000000000000111111111111111110000000000000111111111111111100000000000001111111111111110000000000000111111111111110000000000000111111111111100000000000001111111111110000000000000111111111110000000000000111111111100000000000001111111110000000000000111111110000000000000111111100000000000001111110000000000000111110000000000000111100000000000001110000000000000110000000000000100000000000000000000000000000000000000000000000000000000000000000000000000000000000000000000000000000000
111111111111111111111000000000000111111111111111111110000000000001111111111111111111000000000000111111111111111111000000000000111111111111111110000000000001111111111111111000000000000111111111111111000000000000111111111111110000000000001111111111111000000000000111111111111000000000000111111111110000000000001111111111000000000000111111111000000000000111111110000000000001111111000000000000111111000000000000111110000000000001111000000000000111000000000000110000000000001000000000000000000000000000000000000000000000000000000000000000000000000000000000000000000
111111111111111111111100000000000111111111111111111111000000000001111111111111111111100000000000111111111111111111100000000000111111111111111111000000000001111111111111111100000000000111111111111111100000000000111111111111111000000000001111111111111100000000000111111111111100000000000111111111111000000000001111111111100000000000111111111100000000000111111111000000000001111111100000000000111111100000000000111111000000000001111100000000000111100000000000111000000000001100000000000100000000000000000000000000000000000000000000000000000000000000000000000000000
111111111111111111111110000000000111111111111111111111100000000001111111111111111111110000000000111111111111111111110000000000111111111111111111100000000001111111111111111110000000000111111111111111110000000000111111111111111100000000001111111111111110000000000111111111111110000000000111111111111100000000001111111111110000000000111111111110000000000111111111100000000001111111110000000000111111110000000000111111100000000001111110000000000111110000000000111100000000001110000000000110000000000100000000000000000000000000000000000000000000000000000000000000000
111111111111111111111111000000000111111111111111111111110000000001111111111111111111111000000000111111111111111111111000000000111111111111111111110000000001111111111111111111000000000111111111111111111000000000111111111111111110000000001111111111111111000000000111111111111111000000000111111111111110000000001111111111111000000000111111111111000000000111111111110000000001111111111000000000111111111000000000111111110000000001111111000000000111111000000000111110000000001111000000000111000000000110000000001000000000000000000000000000000000000000000000000000000
111111111111111111111111100000000111111111111111111111111000000001111111111111111111111100000000111111111111111111111100000000111111111111111111111000000001111111111111111111100000000111111111111111111100000000111111111111111111000000001111111111111111100000000111111111111111100000000111111111111111000000001111111111111100000000111111111111100000000111111111111000000001111111111100000000111111111100000000111111111000000001111111100000000111111100000000111111000000001111100000000111100000000111000000001100000000100000000000000000000000000000000000000000000
111111111111111111111111110000000111111111111111111111111100000001111111111111111111111110000000111111111111111111111110000000111111111111111111111100000001111111111111111111110000000111111111111111111110000000111111111111111111100000001111111111111111110000000111111111111111110000000111111111111111100000001111111111111110000000111111111111110000000111111111111100000001111111111110000000111111111110000000111111111100000001111111110000000111111110000000111111100000001111110000000111110000000111100000001110000000110000000100000000000000000000000000000000000
111111111111111111111111111000000111111111111111111111111110000001111111111111111111111111000000111111111111111111111111000000111111111111111111111110000001111111111111111111111000000111111111111111111111000000111111111111111111110000001111111111111111111000000111111111111111111000000111111111111111110000001111111111111111000000111111111111111000000111111111111110000001111111111111000000111111111111000000111111111110000001111111111000000111111111000000111111110000001111111000000111111000000111110000001111000000111000000110000001000000000000000000000000000
111111111111111111111111111100000111111111111111111111111111000001111111111111111111111111100000111111111111111111111111100000111111111111111111111111000001111111111111111111111100000111111111111111111111100000111111111111111111111000001111111111111111111100000111111111111111111100000111111111111111111000001111111111111111100000111111111111111100000111111111111111000001111111111111100000111111111111100000111111111111000001111111111100000111111111100000111111111000001111111100000111111100000111111000001111100000111100000111000001100000100000000000000000000
111111111111111111111111111110000111111111111111111111111111100001111111111111111111111111110000111111111111111111111111110000111111111111111111111111100001111111111111111111111110000111111111111111111111110000111111111111111111111100001111111111111111111110000111111111111111111110000111111111111111111100001111111111111111110000111111111111111110000111111111111111100001111111111111110000111111111111110000111111111111100001111111111110000111111111110000111111111100001111111110000111111110000111111100001111110000111110000111100001110000110000100000000000000
111111111111111111111111111111000111111111111111111111111111110001111111111111111111111111111000111111111111111111111111111000111111111111111111111111110001111111111111111111111111000111111111111111111111111000111111111111111111111110001111111111111111111111000111111111111111111111000111111111111111111110001111111111111111111000111111111111111111000111111111111111110001111111111111111000111111111111111000111111111111110001111111111111000111111111111000111111111110001111111111000111111111000111111110001111111000111111000111110001111000111000110001000000000
111111111111111111111111111111100111111111111111111111111111111001111111111111111111111111111100111111111111111111111111111100111111111111111111111111111001111111111111111111111111100111111111111111111111111100111111111111111111111111001111111111111111111111100111111111111111111111100111111111111111111111001111111111111111111100111111111111111111100111111111111111111001111111111111111100111111111111111100111111111111111001111111111111100111111111111100111111111111001111111111100111111111100111111111001111111100111111100111111001111100111100111001100100000
111111111111111111111111111111110111111111111111111111111111111101111111111111111111111111111110111111111111111111111111111110111111111111111111111111111101111111111111111111111111110111111111111111111111111110111111111111111111111111101111111111111111111111110111111111111111111111110111111111111111111111101111111111111111111110111111111111111111110111111111111111111101111111111111111110111111111111111110111111111111111101111111111111110111111111111110111111111111101111111111110111111111110111111111101111111110111111110111111101111110111110111101110110100
# [8, 8, 9, 9, 9, 9, 10, 10, 10, 10, 10, 11, 11, 11, 11, 11, 11, 11, 12, 12, 13, 14, 14, 16, 24, 27, 28, 28, 28, 29, 29, 30, 30, 33]
# [10, 10, 10, 10, 10, 10, 10, 10, 10, 10, 10, 10, 10, 10, 10, 10, 10, 10, 10, 10, 10, 10, 10, 10, 33, 33, 33, 33, 33, 33, 33, 33, 33, 33]
10
# [4, 5, 5, 5, 6, 6, 6, 6, 6, 6, 6, 7, 7, 7, 7, 7, 7, 7, 7, 7, 8, 8, 8, 9, 9, 9, 9, 10, 10, 26, 27, 28, 29, 30]
# [5, 5, 5, 5, 5, 5, 5, 5, 5, 5, 5, 5, 5, 5, 5, 5, 5, 5, 5, 5, 5, 5, 5, 5, 5, 5, 5, 5, 5, 33, 33, 33, 33, 33]
5
# [0, 0, 1, 1, 1, 2, 2, 3, 4, 4, 4, 16, 17, 17, 18, 18, 18, 18, 19, 19, 20, 20, 20, 20, 20, 21, 21, 21, 21, 21, 22, 22, 22, 23]
# [0, 0, 0, 0, 0, 0, 0, 0, 0, 0, 0, 22, 22, 22, 22, 22, 22, 22, 22, 22, 22, 22, 22, 22, 22, 22, 22, 22, 22, 22, 22, 22, 22, 22]
23
# [10, 12, 13, 13, 14, 14, 14, 15, 15, 16, 16, 16, 16, 17, 17, 17, 18, 18, 22, 24, 25, 26, 26, 26, 27, 27, 27, 28, 28, 29, 30, 30, 30, 30]
# [16, 16, 16, 16, 16, 16, 16, 16, 16, 16, 16, 16, 16, 16, 16, 16, 16, 16, 33, 33, 33, 33, 33, 33, 33, 33, 33, 33, 33, 33, 33, 33, 33, 33]
16
# [10, 12, 13, 14, 14, 14, 15, 15, 15, 15, 16, 16, 16, 16, 17, 17, 17, 17, 17, 18, 26, 27, 29, 29, 29, 29, 30, 30, 30, 30, 31, 32, 32, 32]
# [14, 14, 14, 14, 14, 14, 14, 14, 14, 14, 14, 14, 14, 14, 14, 14, 14, 14, 14, 14, 33, 33, 33, 33, 33, 33, 33, 33, 33, 33, 33, 33, 33, 33]
14
# [2, 2, 2, 3, 3, 6, 7, 7, 7, 16, 18, 19, 20, 20, 20, 20, 20, 21, 21, 22, 22, 22, 22, 22, 22, 23, 23, 23, 23, 23, 24, 25, 25, 25]
# [0, 0, 0, 0, 0, 0, 0, 0, 0, 24, 24, 24, 24, 24, 24, 24, 24, 24, 24, 24, 24, 24, 24, 24, 24, 24, 24, 24, 24, 24, 24, 24, 24, 24]
25
# [7, 7, 8, 8, 9, 9, 9, 9, 9, 9, 9, 9, 10, 10, 10, 10, 10, 11, 11, 11, 11, 12, 12, 13, 14, 27, 27, 27, 28, 28, 29, 29, 30, 30]
# [9, 9, 9, 9, 9, 9, 9, 9, 9, 9, 9, 9, 9, 9, 9, 9, 9, 9, 9, 9, 9, 9, 9, 9, 9, 33, 33, 33, 33, 33, 33, 33, 33, 33]
9
# [0, 1, 1, 1, 1, 2, 2, 2, 2, 3, 3, 3, 3, 3, 3, 3, 3, 3, 4, 4, 4, 4, 4, 4, 5, 5, 5, 5, 5, 5, 6, 6, 6, 7]
# [0, 0, 0, 0, 0, 0, 0, 0, 0, 0, 0, 0, 0, 0, 0, 0, 0, 0, 0, 0, 0, 0, 0, 0, 0, 0, 0, 0, 0, 0, 0, 0, 0, 0]
0
# [1, 2, 2, 3, 4, 4, 5, 19, 20, 21, 21, 21, 21, 21, 22, 22, 22, 23, 23, 23, 23, 23, 23, 23, 24, 24, 24, 24, 24, 24, 24, 25, 25, 26]
# [0, 0, 0, 0, 0, 0, 0, 26, 26, 26, 26, 26, 26, 26, 26, 26, 26, 26, 26, 26, 26, 26, 26, 26, 26, 26, 26, 26, 26, 26, 26, 26, 26, 26]
27
# [1, 2, 3, 3, 3, 4, 4, 4, 5, 5, 6, 6, 6, 7, 8, 14, 15, 15, 15, 16, 16, 17, 17, 18, 18, 18, 19, 19, 20, 20, 20, 20, 21, 21]
# [0, 0, 0, 0, 0, 0, 0, 0, 0, 0, 0, 0, 0, 0, 0, 18, 18, 18, 18, 18, 18, 18, 18, 18, 18, 18, 18, 18, 18, 18, 18, 18, 18, 18]
19
# [0, 1, 2, 2, 2, 3, 4, 5, 5, 5, 6, 6, 7, 15, 17, 17, 18, 18, 18, 18, 18, 19, 19, 19, 20, 20, 20, 20, 20, 21, 21, 21, 21, 22]
# [0, 0, 0, 0, 0, 0, 0, 0, 0, 0, 0, 0, 0, 20, 20, 20, 20, 20, 20, 20, 20, 20, 20, 20, 20, 20, 20, 20, 20, 20, 20, 20, 20, 20]
21
# [1, 2, 4, 5, 23, 24, 24, 24, 24, 25, 25, 25, 25, 25, 25, 26, 26, 26, 26, 26, 26, 26, 26, 26, 26, 27, 27, 27, 27, 28, 28, 28, 28, 29]
# [0, 0, 0, 0, 29, 29, 29, 29, 29, 29, 29, 29, 29, 29, 29, 29, 29, 29, 29, 29, 29, 29, 29, 29, 29, 29, 29, 29, 29, 29, 29, 29, 29, 29]
30
# [7, 7, 8, 8, 8, 8, 9, 10, 10, 10, 10, 10, 11, 11, 11, 11, 11, 12, 12, 12, 12, 12, 13, 13, 13, 15, 26, 27, 29, 30, 30, 30, 30, 32]
# [8, 8, 8, 8, 8, 8, 8, 8, 8, 8, 8, 8, 8, 8, 8, 8, 8, 8, 8, 8, 8, 8, 8, 8, 8, 8, 33, 33, 33, 33, 33, 33, 33, 33]
8
# [1, 2, 2, 2, 3, 3, 3, 3, 3, 4, 4, 4, 4, 4, 4, 4, 4, 4, 5, 5, 5, 5, 5, 5, 5, 5, 6, 6, 6, 6, 7, 7, 8, 8]
# [0, 0, 0, 0, 0, 0, 0, 0, 0, 0, 0, 0, 0, 0, 0, 0, 0, 0, 0, 0, 0, 0, 0, 0, 0, 0, 0, 0, 0, 0, 0, 0, 0, 0]
0
# [2, 2, 2, 5, 6, 6, 18, 21, 21, 21, 21, 21, 22, 23, 23, 23, 23, 23, 24, 24, 24, 24, 25, 25, 25, 25, 25, 26, 26, 26, 27, 27, 28, 28]
# [0, 0, 0, 0, 0, 0, 27, 27, 27, 27, 27, 27, 27, 27, 27, 27, 27, 27, 27, 27, 27, 27, 27, 27, 27, 27, 27, 27, 27, 27, 27, 27, 27, 27]
28
# [3, 4, 5, 6, 6, 6, 23, 23, 23, 24, 24, 25, 25, 25, 25, 25, 25, 25, 25, 25, 26, 26, 26, 26, 26, 26, 27, 27, 27, 27, 27, 28, 28, 29]
# [0, 0, 0, 0, 0, 0, 27, 27, 27, 27, 27, 27, 27, 27, 27, 27, 27, 27, 27, 27, 27, 27, 27, 27, 27, 27, 27, 27, 27, 27, 27, 27, 27, 27]
28
# [1, 2, 2, 4, 4, 4, 4, 4, 4, 4, 5, 5, 6, 7, 7, 11, 13, 14, 14, 15, 15, 16, 16, 16, 16, 17, 17, 17, 17, 18, 18, 18, 18, 19]
# [0, 0, 0, 0, 0, 0, 0, 0, 0, 0, 0, 0, 0, 0, 0, 18, 18, 18, 18, 18, 18, 18, 18, 18, 18, 18, 18, 18, 18, 18, 18, 18, 18, 18]
19
# [1, 2, 2, 3, 3, 3, 4, 4, 4, 4, 5, 5, 5, 14, 14, 16, 17, 18, 18, 18, 18, 18, 19, 19, 19, 19, 19, 20, 20, 20, 20, 21, 21, 21]
# [0, 0, 0, 0, 0, 0, 0, 0, 0, 0, 0, 0, 0, 20, 20, 20, 20, 20, 20, 20, 20, 20, 20, 20, 20, 20, 20, 20, 20, 20, 20, 20, 20, 20]
21
# [4, 5, 5, 5, 23, 23, 24, 24, 25, 25, 25, 25, 26, 26, 26, 26, 26, 26, 26, 26, 26, 27, 27, 27, 27, 27, 27, 27, 28, 28, 28, 28, 29, 31]
# [0, 0, 0, 0, 29, 29, 29, 29, 29, 29, 29, 29, 29, 29, 29, 29, 29, 29, 29, 29, 29, 29, 29, 29, 29, 29, 29, 29, 29, 29, 29, 29, 29, 29]
30
# [3, 3, 5, 7, 23, 24, 24, 25, 25, 25, 25, 25, 25, 25, 25, 26, 26, 26, 26, 26, 26, 26, 26, 27, 27, 27, 27, 27, 27, 27, 28, 28, 28, 28]
# [0, 0, 0, 0, 29, 29, 29, 29, 29, 29, 29, 29, 29, 29, 29, 29, 29, 29, 29, 29, 29, 29, 29, 29, 29, 29, 29, 29, 29, 29, 29, 29, 29, 29]
30
# [1, 2, 3, 24, 24, 25, 25, 25, 26, 26, 26, 26, 26, 27, 27, 27, 27, 27, 27, 27, 27, 27, 27, 27, 27, 28, 28, 28, 28, 28, 29, 29, 30, 31]
# [0, 0, 0, 30, 30, 30, 30, 30, 30, 30, 30, 30, 30, 30, 30, 30, 30, 30, 30, 30, 30, 30, 30, 30, 30, 30, 30, 30, 30, 30, 30, 30, 30, 30]
31
# [0, 2, 3, 3, 4, 4, 4, 5, 5, 5, 17, 18, 19, 19, 20, 20, 20, 20, 21, 21, 21, 21, 22, 22, 22, 22, 22, 22, 23, 23, 23, 23, 23, 23]
# [0, 0, 0, 0, 0, 0, 0, 0, 0, 0, 23, 23, 23, 23, 23, 23, 23, 23, 23, 23, 23, 23, 23, 23, 23, 23, 23, 23, 23, 23, 23, 23, 23, 23]
24
# [12, 12, 13, 13, 14, 14, 14, 15, 15, 15, 15, 15, 16, 16, 16, 17, 17, 18, 19, 26, 26, 27, 28, 29, 29, 29, 29, 30, 30, 30, 31, 31, 31, 32]
# [15, 15, 15, 15, 15, 15, 15, 15, 15, 15, 15, 15, 15, 15, 15, 15, 15, 15, 15, 33, 33, 33, 33, 33, 33, 33, 33, 33, 33, 33, 33, 33, 33, 33]
15
# [11, 13, 13, 14, 14, 15, 15, 15, 15, 15, 15, 15, 15, 17, 17, 17, 17, 17, 18, 27, 27, 27, 28, 28, 29, 29, 30, 30, 30, 30, 30, 30, 32, 33]
# [15, 15, 15, 15, 15, 15, 15, 15, 15, 15, 15, 15, 15, 15, 15, 15, 15, 15, 15, 33, 33, 33, 33, 33, 33, 33, 33, 33, 33, 33, 33, 33, 33, 33]
15
# [1, 24, 25, 25, 25, 26, 26, 26, 26, 26, 26, 27, 27, 27, 28, 28, 28, 28, 28, 29, 29, 29, 29, 29, 29, 29, 29, 29, 30, 30, 31, 31, 31, 31]
# [0, 32, 32, 32, 32, 32, 32, 32, 32, 32, 32, 32, 32, 32, 32, 32, 32, 32, 32, 32, 32, 32, 32, 32, 32, 32, 32, 32, 32, 32, 32, 32, 32, 32]
33
# [3, 3, 3, 4, 6, 23, 24, 24, 24, 24, 25, 25, 25, 25, 25, 25, 25, 26, 26, 26, 26, 27, 27, 27, 27, 27, 27, 28, 28, 28, 28, 28, 28, 29]
# [0, 0, 0, 0, 0, 28, 28, 28, 28, 28, 28, 28, 28, 28, 28, 28, 28, 28, 28, 28, 28, 28, 28, 28, 28, 28, 28, 28, 28, 28, 28, 28, 28, 28]
29
# [1, 3, 4, 4, 4, 4, 5, 5, 5, 5, 5, 5, 5, 6, 6, 6, 6, 6, 7, 7, 7, 7, 8, 8, 8, 8, 8, 8, 8, 9, 10, 27, 28, 29]
# [3, 3, 3, 3, 3, 3, 3, 3, 3, 3, 3, 3, 3, 3, 3, 3, 3, 3, 3, 3, 3, 3, 3, 3, 3, 3, 3, 3, 3, 3, 3, 33, 33, 33]
3
# [8, 10, 10, 10, 11, 11, 11, 11, 11, 12, 12, 12, 12, 12, 12, 12, 13, 13, 13, 13, 13, 14, 14, 15, 27, 28, 28, 29, 29, 29, 30, 31, 32, 32]
# [10, 10, 10, 10, 10, 10, 10, 10, 10, 10, 10, 10, 10, 10, 10, 10, 10, 10, 10, 10, 10, 10, 10, 10, 33, 33, 33, 33, 33, 33, 33, 33, 33, 33]
10
# [8, 8, 8, 9, 9, 9, 9, 10, 10, 10, 10, 10, 10, 10, 10, 10, 11, 11, 11, 11, 11, 12, 13, 13, 15, 28, 29, 29, 29, 30, 30, 31, 31, 33]
# [9, 9, 9, 9, 9, 9, 9, 9, 9, 9, 9, 9, 9, 9, 9, 9, 9, 9, 9, 9, 9, 9, 9, 9, 9, 33, 33, 33, 33, 33, 33, 33, 33, 33]
9
# [0, 2, 3, 3, 3, 3, 4, 5, 5, 5, 6, 6, 7, 7, 15, 15, 15, 15, 16, 16, 17, 17, 17, 18, 18, 18, 18, 19, 19, 20, 20, 20, 20, 22]
# [0, 0, 0, 0, 0, 0, 0, 0, 0, 0, 0, 0, 0, 0, 19, 19, 19, 19, 19, 19, 19, 19, 19, 19, 19, 19, 19, 19, 19, 19, 19, 19, 19, 19]
20
# [1, 2, 2, 3, 3, 3, 3, 3, 3, 4, 4, 4, 5, 7, 7, 8, 15, 15, 16, 16, 16, 16, 16, 17, 17, 17, 17, 18, 18, 18, 19, 19, 19, 19]
# [0, 0, 0, 0, 0, 0, 0, 0, 0, 0, 0, 0, 0, 0, 0, 0, 17, 17, 17, 17, 17, 17, 17, 17, 17, 17, 17, 17, 17, 17, 17, 17, 17, 17]
18
# [0, 1, 2, 2, 2, 2, 3, 3, 4, 4, 4, 4, 5, 5, 5, 6, 6, 12, 12, 13, 13, 13, 13, 14, 14, 14, 14, 15, 15, 15, 15, 16, 16, 16]
# [0, 0, 0, 0, 0, 0, 0, 0, 0, 0, 0, 0, 0, 0, 0, 0, 0, 0, 0, 0, 0, 0, 0, 0, 0, 0, 0, 0, 0, 0, 0, 0, 0, 0]
0
# [2, 3, 3, 4, 4, 4, 4, 4, 5, 5, 5, 5, 5, 5, 6, 6, 6, 6, 6, 6, 6, 7, 7, 7, 8, 8, 8, 8, 8, 8, 9, 10, 27, 31]
# [2, 2, 2, 2, 2, 2, 2, 2, 2, 2, 2, 2, 2, 2, 2, 2, 2, 2, 2, 2, 2, 2, 2, 2, 2, 2, 2, 2, 2, 2, 2, 2, 33, 33]
2
# [8, 9, 9, 11, 11, 11, 11, 11, 11, 12, 12, 13, 13, 13, 13, 13, 13, 13, 13, 13, 14, 15, 15, 15, 24, 27, 28, 28, 28, 29, 29, 31, 32, 32]
# [10, 10, 10, 10, 10, 10, 10, 10, 10, 10, 10, 10, 10, 10, 10, 10, 10, 10, 10, 10, 10, 10, 10, 10, 33, 33, 33, 33, 33, 33, 33, 33, 33, 33]
10
# [9, 9, 11, 12, 12, 12, 13, 13, 13, 13, 13, 13, 14, 14, 14, 14, 14, 15, 15, 15, 16, 16, 27, 28, 28, 29, 29, 29, 30, 31, 31, 31, 31, 32]
# [12, 12, 12, 12, 12, 12, 12, 12, 12, 12, 12, 12, 12, 12, 12, 12, 12, 12, 12, 12, 12, 12, 33, 33, 33, 33, 33, 33, 33, 33, 33, 33, 33, 33]
12
# [0, 2, 2, 2, 2, 3, 3, 3, 4, 4, 5, 5, 6, 6, 7, 7, 14, 15, 15, 16, 16, 16, 16, 17, 17, 17, 17, 18, 18, 18, 18, 19, 19, 19]
# [0, 0, 0, 0, 0, 0, 0, 0, 0, 0, 0, 0, 0, 0, 0, 0, 17, 17, 17, 17, 17, 17, 17, 17, 17, 17, 17, 17, 17, 17, 17, 17, 17, 17]
18
# [2, 2, 2, 3, 3, 3, 4, 4, 6, 7, 19, 19, 19, 19, 20, 20, 20, 20, 20, 21, 21, 21, 21, 21, 22, 22, 23, 23, 23, 23, 23, 23, 24, 25]
# [0, 0, 0, 0, 0, 0, 0, 0, 0, 0, 23, 23, 23, 23, 23, 23, 23, 23, 23, 23, 23, 23, 23, 23, 23, 23, 23, 23, 23, 23, 23, 23, 23, 23]
24
# [1, 2, 2, 3, 4, 5, 6, 7, 19, 20, 20, 21, 21, 21, 22, 22, 22, 22, 22, 23, 23, 23, 23, 24, 24, 24, 24, 24, 24, 24, 25, 26, 27, 28]
# [0, 0, 0, 0, 0, 0, 0, 0, 25, 25, 25, 25, 25, 25, 25, 25, 25, 25, 25, 25, 25, 25, 25, 25, 25, 25, 25, 25, 25, 25, 25, 25, 25, 25]
26
# [2, 3, 3, 4, 5, 6, 6, 6, 10, 11, 20, 20, 20, 21, 21, 21, 22, 22, 22, 22, 22, 22, 22, 23, 23, 23, 23, 23, 24, 24, 25, 25, 25, 25]
# [0, 0, 0, 0, 0, 0, 0, 0, 0, 0, 23, 23, 23, 23, 23, 23, 23, 23, 23, 23, 23, 23, 23, 23, 23, 23, 23, 23, 23, 23, 23, 23, 23, 23]
24
# [1, 1, 2, 2, 2, 3, 4, 6, 7, 7, 16, 19, 19, 19, 20, 21, 21, 21, 21, 22, 22, 22, 22, 22, 22, 22, 22, 23, 23, 23, 23, 23, 24, 25]
# [0, 0, 0, 0, 0, 0, 0, 0, 0, 0, 23, 23, 23, 23, 23, 23, 23, 23, 23, 23, 23, 23, 23, 23, 23, 23, 23, 23, 23, 23, 23, 23, 23, 23]
24
# [2, 3, 4, 4, 7, 7, 7, 22, 23, 23, 23, 23, 23, 23, 23, 24, 24, 24, 24, 25, 25, 25, 25, 25, 26, 26, 26, 26, 26, 27, 27, 27, 27, 28]
# [0, 0, 0, 0, 0, 0, 0, 26, 26, 26, 26, 26, 26, 26, 26, 26, 26, 26, 26, 26, 26, 26, 26, 26, 26, 26, 26, 26, 26, 26, 26, 26, 26, 26]
27
# [7, 7, 8, 8, 8, 8, 8, 8, 8, 8, 9, 9, 9, 9, 10, 10, 10, 10, 10, 10, 11, 11, 11, 11, 11, 12, 24, 25, 27, 30, 30, 31, 32, 32]
# [8, 8, 8, 8, 8, 8, 8, 8, 8, 8, 8, 8, 8, 8, 8, 8, 8, 8, 8, 8, 8, 8, 8, 8, 8, 8, 33, 33, 33, 33, 33, 33, 33, 33]
8
# [11, 12, 13, 13, 13, 13, 13, 14, 14, 14, 14, 14, 14, 15, 15, 16, 16, 16, 17, 17, 27, 27, 27, 27, 28, 28, 28, 30, 30, 31, 31, 31, 31, 32]
# [14, 14, 14, 14, 14, 14, 14, 14, 14, 14, 14, 14, 14, 14, 14, 14, 14, 14, 14, 14, 33, 33, 33, 33, 33, 33, 33, 33, 33, 33, 33, 33, 33, 33]
14
# [2, 3, 3, 3, 3, 4, 4, 5, 6, 18, 19, 20, 20, 20, 20, 20, 21, 21, 21, 21, 22, 22, 22, 22, 23, 23, 23, 23, 23, 24, 24, 25, 25, 27]
# [0, 0, 0, 0, 0, 0, 0, 0, 0, 24, 24, 24, 24, 24, 24, 24, 24, 24, 24, 24, 24, 24, 24, 24, 24, 24, 24, 24, 24, 24, 24, 24, 24, 24]
25
# [1, 2, 2, 3, 3, 4, 4, 4, 4, 5, 5, 5, 6, 6, 6, 6, 7, 11, 12, 13, 13, 14, 15, 15, 15, 16, 16, 17, 17, 17, 17, 17, 18, 18]
# [0, 0, 0, 0, 0, 0, 0, 0, 0, 0, 0, 0, 0, 0, 0, 0, 0, 16, 16, 16, 16, 16, 16, 16, 16, 16, 16, 16, 16, 16, 16, 16, 16, 16]
17
# [10, 11, 12, 12, 12, 12, 13, 13, 13, 13, 13, 13, 13, 14, 14, 14, 14, 14, 14, 15, 15, 15, 26, 27, 27, 27, 28, 29, 30, 30, 31, 31, 31, 32]
# [12, 12, 12, 12, 12, 12, 12, 12, 12, 12, 12, 12, 12, 12, 12, 12, 12, 12, 12, 12, 12, 12, 33, 33, 33, 33, 33, 33, 33, 33, 33, 33, 33, 33]
12
# [2, 2, 3, 3, 3, 4, 4, 4, 4, 4, 4, 5, 5, 5, 5, 5, 5, 5, 5, 5, 6, 6, 6, 6, 6, 7, 7, 7, 7, 8, 9, 9, 9, 29]
# [1, 1, 1, 1, 1, 1, 1, 1, 1, 1, 1, 1, 1, 1, 1, 1, 1, 1, 1, 1, 1, 1, 1, 1, 1, 1, 1, 1, 1, 1, 1, 1, 1, 33]
1
# [7, 7, 7, 8, 8, 9, 9, 9, 9, 10, 10, 10, 10, 10, 11, 11, 11, 12, 12, 12, 12, 13, 13, 14, 14, 18, 25, 28, 28, 29, 29, 30, 30, 33]
# [8, 8, 8, 8, 8, 8, 8, 8, 8, 8, 8, 8, 8, 8, 8, 8, 8, 8, 8, 8, 8, 8, 8, 8, 8, 8, 33, 33, 33, 33, 33, 33, 33, 33]
8
# [1, 2, 2, 3, 5, 22, 22, 23, 23, 23, 24, 24, 25, 25, 25, 25, 25, 25, 25, 26, 26, 26, 26, 26, 26, 27, 27, 27, 27, 28, 28, 28, 28, 29]
# [0, 0, 0, 0, 0, 28, 28, 28, 28, 28, 28, 28, 28, 28, 28, 28, 28, 28, 28, 28, 28, 28, 28, 28, 28, 28, 28, 28, 28, 28, 28, 28, 28, 28]
29
# [2, 3, 3, 4, 4, 5, 21, 21, 21, 22, 22, 23, 23, 23, 23, 24, 24, 24, 24, 24, 24, 24, 24, 25, 25, 25, 25, 25, 26, 26, 26, 26, 26, 27]
# [0, 0, 0, 0, 0, 0, 27, 27, 27, 27, 27, 27, 27, 27, 27, 27, 27, 27, 27, 27, 27, 27, 27, 27, 27, 27, 27, 27, 27, 27, 27, 27, 27, 27]
28
# [1, 1, 1, 1, 1, 2, 2, 2, 2, 2, 3, 3, 3, 3, 4, 4, 4, 4, 4, 4, 4, 4, 5, 5, 5, 5, 5, 6, 6, 6, 7, 7, 7, 7]
# [0, 0, 0, 0, 0, 0, 0, 0, 0, 0, 0, 0, 0, 0, 0, 0, 0, 0, 0, 0, 0, 0, 0, 0, 0, 0, 0, 0, 0, 0, 0, 0, 0, 0]
0
# [11, 11, 12, 12, 13, 14, 14, 14, 14, 14, 14, 14, 14, 14, 14, 14, 15, 15, 15, 16, 18, 26, 27, 28, 28, 29, 29, 29, 29, 30, 30, 31, 32, 32]
# [13, 13, 13, 13, 13, 13, 13, 13, 13, 13, 13, 13, 13, 13, 13, 13, 13, 13, 13, 13, 13, 33, 33, 33, 33, 33, 33, 33, 33, 33, 33, 33, 33, 33]
13
# [4, 24, 24, 26, 26, 27, 27, 27, 27, 27, 28, 28, 28, 28, 29, 29, 29, 29, 29, 29, 29, 30, 30, 30, 30, 30, 30, 30, 30, 30, 31, 31, 31, 31]
# [0, 32, 32, 32, 32, 32, 32, 32, 32, 32, 32, 32, 32, 32, 32, 32, 32, 32, 32, 32, 32, 32, 32, 32, 32, 32, 32, 32, 32, 32, 32, 32, 32, 32]
33
# [0, 1, 2, 2, 3, 4, 4, 5, 5, 6, 8, 17, 18, 19, 19, 20, 20, 20, 21, 21, 21, 21, 21, 21, 21, 21, 21, 21, 22, 22, 23, 23, 24, 25]
# [0, 0, 0, 0, 0, 0, 0, 0, 0, 0, 0, 22, 22, 22, 22, 22, 22, 22, 22, 22, 22, 22, 22, 22, 22, 22, 22, 22, 22, 22, 22, 22, 22, 22]
23
# [11, 12, 13, 13, 14, 14, 15, 15, 15, 15, 15, 15, 15, 16, 16, 16, 16, 16, 16, 17, 26, 27, 27, 28, 28, 29, 29, 29, 29, 30, 30, 31, 31, 31]
# [14, 14, 14, 14, 14, 14, 14, 14, 14, 14, 14, 14, 14, 14, 14, 14, 14, 14, 14, 14, 33, 33, 33, 33, 33, 33, 33, 33, 33, 33, 33, 33, 33, 33]
14
# [3, 3, 4, 4, 5, 5, 17, 23, 23, 23, 23, 23, 23, 23, 24, 24, 24, 24, 24, 24, 24, 25, 25, 25, 25, 25, 25, 26, 26, 26, 26, 26, 27, 27]
# [0, 0, 0, 0, 0, 0, 27, 27, 27, 27, 27, 27, 27, 27, 27, 27, 27, 27, 27, 27, 27, 27, 27, 27, 27, 27, 27, 27, 27, 27, 27, 27, 27, 27]
28
# [11, 12, 12, 12, 13, 13, 13, 14, 14, 14, 14, 14, 14, 15, 15, 16, 16, 16, 16, 17, 18, 26, 27, 27, 28, 28, 29, 29, 29, 30, 30, 31, 31, 32]
# [13, 13, 13, 13, 13, 13, 13, 13, 13, 13, 13, 13, 13, 13, 13, 13, 13, 13, 13, 13, 13, 33, 33, 33, 33, 33, 33, 33, 33, 33, 33, 33, 33, 33]
13
# [8, 8, 8, 8, 8, 8, 8, 9, 9, 9, 9, 10, 10, 10, 11, 11, 11, 11, 11, 11, 12, 12, 13, 13, 15, 27, 28, 29, 29, 30, 30, 30, 31, 31]
# [9, 9, 9, 9, 9, 9, 9, 9, 9, 9, 9, 9, 9, 9, 9, 9, 9, 9, 9, 9, 9, 9, 9, 9, 9, 33, 33, 33, 33, 33, 33, 33, 33, 33]
9
# [2, 3, 3, 3, 3, 3, 3, 4, 4, 7, 18, 18, 19, 19, 19, 19, 20, 20, 20, 21, 21, 21, 21, 21, 21, 21, 22, 22, 22, 22, 23, 23, 24, 24]
# [0, 0, 0, 0, 0, 0, 0, 0, 0, 0, 23, 23, 23, 23, 23, 23, 23, 23, 23, 23, 23, 23, 23, 23, 23, 23, 23, 23, 23, 23, 23, 23, 23, 23]
24
# [9, 11, 11, 11, 12, 12, 13, 13, 13, 13, 14, 14, 14, 14, 15, 15, 15, 16, 16, 17, 17, 17, 27, 27, 28, 28, 29, 29, 29, 30, 30, 30, 30, 31]
# [12, 12, 12, 12, 12, 12, 12, 12, 12, 12, 12, 12, 12, 12, 12, 12, 12, 12, 12, 12, 12, 12, 33, 33, 33, 33, 33, 33, 33, 33, 33, 33, 33, 33]
12
# [5, 5, 6, 7, 8, 21, 23, 23, 23, 23, 23, 24, 25, 25, 25, 25, 25, 25, 25, 25, 26, 26, 26, 26, 26, 27, 27, 27, 28, 28, 28, 28, 29, 29]
# [0, 0, 0, 0, 0, 28, 28, 28, 28, 28, 28, 28, 28, 28, 28, 28, 28, 28, 28, 28, 28, 28, 28, 28, 28, 28, 28, 28, 28, 28, 28, 28, 28, 28]
29
# [2, 5, 23, 24, 25, 25, 25, 26, 27, 27, 27, 27, 27, 27, 27, 27, 27, 27, 27, 27, 27, 28, 28, 28, 28, 29, 29, 29, 29, 29, 29, 29, 30, 31]
# [0, 0, 31, 31, 31, 31, 31, 31, 31, 31, 31, 31, 31, 31, 31, 31, 31, 31, 31, 31, 31, 31, 31, 31, 31, 31, 31, 31, 31, 31, 31, 31, 31, 31]
32
# [2, 3, 3, 4, 4, 4, 4, 5, 5, 5, 5, 5, 5, 5, 5, 6, 6, 6, 6, 6, 6, 6, 6, 7, 7, 7, 8, 8, 8, 8, 9, 26, 27, 27]
# [3, 3, 3, 3, 3, 3, 3, 3, 3, 3, 3, 3, 3, 3, 3, 3, 3, 3, 3, 3, 3, 3, 3, 3, 3, 3, 3, 3, 3, 3, 3, 33, 33, 33]
3
# [1, 2, 3, 3, 3, 4, 4, 4, 4, 4, 5, 5, 5, 5, 5, 5, 5, 5, 5, 6, 6, 6, 6, 6, 6, 7, 7, 7, 7, 7, 8, 8, 9, 29]
# [1, 1, 1, 1, 1, 1, 1, 1, 1, 1, 1, 1, 1, 1, 1, 1, 1, 1, 1, 1, 1, 1, 1, 1, 1, 1, 1, 1, 1, 1, 1, 1, 1, 33]
1
# [6, 8, 10, 10, 11, 11, 11, 11, 11, 11, 11, 11, 12, 12, 12, 12, 12, 13, 13, 13, 13, 13, 14, 15, 28, 28, 29, 29, 29, 30, 30, 31, 31, 31]
# [10, 10, 10, 10, 10, 10, 10, 10, 10, 10, 10, 10, 10, 10, 10, 10, 10, 10, 10, 10, 10, 10, 10, 10, 33, 33, 33, 33, 33, 33, 33, 33, 33, 33]
10
# [10, 11, 12, 12, 13, 13, 13, 13, 14, 14, 15, 15, 15, 15, 15, 16, 16, 17, 17, 18, 18, 27, 28, 28, 29, 30, 30, 30, 30, 31, 31, 31, 31, 32]
# [13, 13, 13, 13, 13, 13, 13, 13, 13, 13, 13, 13, 13, 13, 13, 13, 13, 13, 13, 13, 13, 33, 33, 33, 33, 33, 33, 33, 33, 33, 33, 33, 33, 33]
13
# [1, 2, 2, 3, 3, 3, 3, 3, 4, 4, 4, 7, 7, 14, 16, 17, 17, 17, 18, 18, 18, 18, 19, 19, 19, 20, 20, 20, 21, 21, 21, 22, 22, 23]
# [0, 0, 0, 0, 0, 0, 0, 0, 0, 0, 0, 0, 0, 20, 20, 20, 20, 20, 20, 20, 20, 20, 20, 20, 20, 20, 20, 20, 20, 20, 20, 20, 20, 20]
21
# [2, 2, 3, 3, 3, 4, 5, 5, 6, 6, 7, 17, 18, 18, 19, 19, 19, 19, 19, 19, 21, 21, 21, 21, 21, 21, 21, 21, 21, 22, 22, 22, 23, 23]
# [0, 0, 0, 0, 0, 0, 0, 0, 0, 0, 0, 22, 22, 22, 22, 22, 22, 22, 22, 22, 22, 22, 22, 22, 22, 22, 22, 22, 22, 22, 22, 22, 22, 22]
23
# [11, 13, 13, 13, 14, 14, 15, 15, 15, 15, 15, 16, 16, 16, 16, 17, 17, 17, 18, 25, 26, 28, 28, 28, 29, 29, 29, 30, 30, 30, 30, 31, 31, 32]
# [15, 15, 15, 15, 15, 15, 15, 15, 15, 15, 15, 15, 15, 15, 15, 15, 15, 15, 15, 33, 33, 33, 33, 33, 33, 33, 33, 33, 33, 33, 33, 33, 33, 33]
15
# [1, 3, 6, 23, 23, 24, 24, 25, 25, 26, 26, 26, 27, 27, 27, 27, 27, 28, 28, 28, 28, 28, 28, 28, 28, 28, 28, 29, 29, 29, 29, 29, 30, 30]
# [0, 0, 0, 30, 30, 30, 30, 30, 30, 30, 30, 30, 30, 30, 30, 30, 30, 30, 30, 30, 30, 30, 30, 30, 30, 30, 30, 30, 30, 30, 30, 30, 30, 30]
31
# [2, 2, 4, 4, 4, 6, 21, 21, 22, 22, 23, 23, 23, 23, 24, 24, 24, 24, 24, 24, 24, 25, 25, 25, 25, 25, 25, 26, 26, 26, 26, 27, 27, 30]
# [0, 0, 0, 0, 0, 0, 27, 27, 27, 27, 27, 27, 27, 27, 27, 27, 27, 27, 27, 27, 27, 27, 27, 27, 27, 27, 27, 27, 27, 27, 27, 27, 27, 27]
28
# [2, 4, 5, 5, 5, 5, 5, 6, 8, 19, 20, 20, 21, 21, 21, 21, 22, 22, 22, 22, 23, 23, 23, 23, 23, 23, 23, 24, 24, 24, 24, 25, 25, 25]
# [0, 0, 0, 0, 0, 0, 0, 0, 0, 24, 24, 24, 24, 24, 24, 24, 24, 24, 24, 24, 24, 24, 24, 24, 24, 24, 24, 24, 24, 24, 24, 24, 24, 24]
25
# [1, 2, 3, 3, 3, 3, 4, 4, 5, 5, 5, 5, 6, 6, 6, 6, 7, 14, 15, 16, 16, 16, 16, 17, 17, 17, 17, 17, 18, 18, 18, 18, 19, 19]
# [0, 0, 0, 0, 0, 0, 0, 0, 0, 0, 0, 0, 0, 0, 0, 0, 0, 16, 16, 16, 16, 16, 16, 16, 16, 16, 16, 16, 16, 16, 16, 16, 16, 16]
17
# [8, 8, 8, 8, 9, 9, 9, 9, 9, 9, 9, 9, 10, 10, 10, 10, 10, 10, 10, 10, 11, 11, 11, 12, 12, 13, 27, 27, 29, 29, 30, 31, 31, 32]
# [8, 8, 8, 8, 8, 8, 8, 8, 8, 8, 8, 8, 8, 8, 8, 8, 8, 8, 8, 8, 8, 8, 8, 8, 8, 8, 33, 33, 33, 33, 33, 33, 33, 33]
8
# [1, 1, 2, 3, 3, 4, 4, 5, 5, 17, 20, 20, 20, 20, 20, 21, 21, 21, 21, 21, 21, 21, 22, 22, 22, 22, 22, 22, 23, 24, 24, 24, 25, 26]
# [0, 0, 0, 0, 0, 0, 0, 0, 0, 24, 24, 24, 24, 24, 24, 24, 24, 24, 24, 24, 24, 24, 24, 24, 24, 24, 24, 24, 24, 24, 24, 24, 24, 24]
25
# [2, 2, 2, 3, 4, 4, 5, 5, 5, 5, 5, 6, 7, 16, 16, 16, 17, 17, 17, 18, 18, 19, 19, 20, 21, 21, 21, 21, 21, 22, 22, 23, 23, 25]
# [0, 0, 0, 0, 0, 0, 0, 0, 0, 0, 0, 0, 0, 20, 20, 20, 20, 20, 20, 20, 20, 20, 20, 20, 20, 20, 20, 20, 20, 20, 20, 20, 20, 20]
21
# [14, 15, 15, 16, 16, 16, 16, 17, 17, 17, 17, 18, 18, 18, 18, 18, 19, 20, 20, 26, 27, 28, 28, 29, 29, 29, 29, 29, 30, 30, 31, 31, 31, 32]
# [15, 15, 15, 15, 15, 15, 15, 15, 15, 15, 15, 15, 15, 15, 15, 15, 15, 15, 15, 33, 33, 33, 33, 33, 33, 33, 33, 33, 33, 33, 33, 33, 33, 33]
15
# [4, 24, 26, 26, 27, 27, 27, 28, 28, 28, 28, 28, 28, 28, 29, 29, 29, 29, 30, 30, 30, 30, 30, 30, 30, 30, 30, 30, 30, 31, 31, 32, 32, 33]
# [0, 32, 32, 32, 32, 32, 32, 32, 32, 32, 32, 32, 32, 32, 32, 32, 32, 32, 32, 32, 32, 32, 32, 32, 32, 32, 32, 32, 32, 32, 32, 32, 32, 32]
33
# [4, 4, 4, 4, 5, 5, 5, 6, 6, 6, 6, 6, 6, 6, 7, 7, 7, 7, 7, 7, 7, 8, 8, 8, 8, 9, 9, 9, 9, 11, 28, 28, 28, 31]
# [4, 4, 4, 4, 4, 4, 4, 4, 4, 4, 4, 4, 4, 4, 4, 4, 4, 4, 4, 4, 4, 4, 4, 4, 4, 4, 4, 4, 4, 4, 33, 33, 33, 33]
4
# [1, 3, 3, 4, 5, 22, 23, 24, 24, 24, 25, 25, 25, 25, 25, 25, 26, 26, 26, 26, 26, 26, 26, 26, 27, 27, 27, 27, 27, 27, 28, 28, 28, 29]
# [0, 0, 0, 0, 0, 28, 28, 28, 28, 28, 28, 28, 28, 28, 28, 28, 28, 28, 28, 28, 28, 28, 28, 28, 28, 28, 28, 28, 28, 28, 28, 28, 28, 28]
29
# [1, 2, 2, 2, 2, 3, 3, 3, 3, 4, 4, 4, 4, 4, 4, 4, 5, 5, 5, 5, 6, 6, 6, 6, 6, 6, 6, 6, 7, 7, 7, 8, 8, 30]
# [1, 1, 1, 1, 1, 1, 1, 1, 1, 1, 1, 1, 1, 1, 1, 1, 1, 1, 1, 1, 1, 1, 1, 1, 1, 1, 1, 1, 1, 1, 1, 1, 1, 33]
1
# [6, 24, 25, 25, 26, 26, 27, 27, 27, 27, 28, 28, 28, 28, 28, 28, 28, 28, 29, 29, 29, 29, 29, 29, 30, 30, 30, 30, 30, 31, 31, 31, 31, 32]
# [0, 32, 32, 32, 32, 32, 32, 32, 32, 32, 32, 32, 32, 32, 32, 32, 32, 32, 32, 32, 32, 32, 32, 32, 32, 32, 32, 32, 32, 32, 32, 32, 32, 32]
33
# [8, 9, 10, 10, 10, 10, 11, 11, 11, 11, 11, 12, 12, 12, 12, 12, 12, 12, 13, 14, 14, 14, 14, 15, 17, 27, 27, 29, 29, 29, 30, 31, 31, 32]
# [9, 9, 9, 9, 9, 9, 9, 9, 9, 9, 9, 9, 9, 9, 9, 9, 9, 9, 9, 9, 9, 9, 9, 9, 9, 33, 33, 33, 33, 33, 33, 33, 33, 33]
9
# [4, 4, 5, 5, 6, 7, 8, 8, 19, 20, 21, 21, 22, 22, 22, 22, 22, 23, 23, 23, 24, 24, 24, 24, 24, 24, 25, 25, 25, 25, 26, 26, 26, 29]
# [0, 0, 0, 0, 0, 0, 0, 0, 25, 25, 25, 25, 25, 25, 25, 25, 25, 25, 25, 25, 25, 25, 25, 25, 25, 25, 25, 25, 25, 25, 25, 25, 25, 25]
26
# [2, 4, 6, 8, 9, 22, 24, 24, 25, 25, 25, 25, 25, 26, 26, 26, 26, 26, 26, 26, 26, 26, 27, 27, 27, 27, 27, 27, 27, 28, 28, 28, 29, 30]
# [0, 0, 0, 0, 0, 28, 28, 28, 28, 28, 28, 28, 28, 28, 28, 28, 28, 28, 28, 28, 28, 28, 28, 28, 28, 28, 28, 28, 28, 28, 28, 28, 28, 28]
29
# [2, 3, 3, 3, 4, 4, 4, 4, 4, 4, 4, 5, 5, 5, 5, 5, 6, 6, 6, 6, 6, 6, 7, 7, 7, 7, 7, 8, 8, 8, 8, 9, 10, 32]
# [1, 1, 1, 1, 1, 1, 1, 1, 1, 1, 1, 1, 1, 1, 1, 1, 1, 1, 1, 1, 1, 1, 1, 1, 1, 1, 1, 1, 1, 1, 1, 1, 1, 33]
1
# [9, 10, 10, 10, 10, 10, 11, 11, 11, 11, 12, 12, 12, 12, 12, 12, 13, 13, 13, 14, 14, 14, 16, 25, 26, 28, 30, 30, 30, 30, 30, 30, 31, 32]
# [11, 11, 11, 11, 11, 11, 11, 11, 11, 11, 11, 11, 11, 11, 11, 11, 11, 11, 11, 11, 11, 11, 11, 33, 33, 33, 33, 33, 33, 33, 33, 33, 33, 33]
11
# [8, 8, 8, 8, 9, 9, 10, 10, 10, 10, 10, 10, 10, 11, 11, 11, 11, 12, 12, 12, 12, 12, 13, 14, 14, 24, 27, 27, 27, 28, 29, 30, 31, 32]
# [9, 9, 9, 9, 9, 9, 9, 9, 9, 9, 9, 9, 9, 9, 9, 9, 9, 9, 9, 9, 9, 9, 9, 9, 9, 33, 33, 33, 33, 33, 33, 33, 33, 33]
9
# [2, 3, 3, 3, 4, 4, 5, 5, 5, 5, 5, 5, 6, 6, 13, 14, 16, 16, 17, 17, 18, 18, 18, 18, 18, 18, 18, 19, 20, 20, 20, 20, 21, 22]
# [0, 0, 0, 0, 0, 0, 0, 0, 0, 0, 0, 0, 0, 0, 19, 19, 19, 19, 19, 19, 19, 19, 19, 19, 19, 19, 19, 19, 19, 19, 19, 19, 19, 19]
20
# [1, 2, 2, 2, 3, 3, 3, 3, 3, 4, 4, 4, 4, 4, 4, 4, 5, 5, 5, 5, 5, 5, 5, 6, 6, 6, 6, 7, 7, 7, 7, 8, 8, 31]
# [1, 1, 1, 1, 1, 1, 1, 1, 1, 1, 1, 1, 1, 1, 1, 1, 1, 1, 1, 1, 1, 1, 1, 1, 1, 1, 1, 1, 1, 1, 1, 1, 1, 33]
1
# [1, 1, 2, 2, 2, 2, 2, 2, 2, 2, 2, 3, 3, 3, 3, 3, 4, 4, 4, 4, 4, 4, 4, 4, 4, 4, 5, 5, 5, 5, 6, 6, 6, 7]
# [0, 0, 0, 0, 0, 0, 0, 0, 0, 0, 0, 0, 0, 0, 0, 0, 0, 0, 0, 0, 0, 0, 0, 0, 0, 0, 0, 0, 0, 0, 0, 0, 0, 0]
0
# [12, 12, 13, 13, 14, 14, 14, 14, 15, 15, 15, 15, 15, 15, 15, 16, 16, 16, 16, 26, 27, 28, 28, 28, 28, 28, 29, 29, 30, 30, 31, 31, 32, 32]
# [15, 15, 15, 15, 15, 15, 15, 15, 15, 15, 15, 15, 15, 15, 15, 15, 15, 15, 15, 33, 33, 33, 33, 33, 33, 33, 33, 33, 33, 33, 33, 33, 33, 33]
15
# [1, 2, 2, 2, 2, 3, 3, 3, 3, 3, 3, 3, 3, 3, 4, 4, 4, 4, 4, 4, 4, 4, 4, 5, 5, 5, 5, 5, 5, 6, 6, 6, 7, 27]
# [1, 1, 1, 1, 1, 1, 1, 1, 1, 1, 1, 1, 1, 1, 1, 1, 1, 1, 1, 1, 1, 1, 1, 1, 1, 1, 1, 1, 1, 1, 1, 1, 1, 33]
1
# [13, 13, 14, 14, 14, 14, 15, 15, 15, 15, 16, 16, 16, 17, 17, 17, 18, 19, 21, 27, 27, 27, 27, 27, 27, 28, 28, 29, 29, 30, 31, 31, 32, 33]
# [15, 15, 15, 15, 15, 15, 15, 15, 15, 15, 15, 15, 15, 15, 15, 15, 15, 15, 15, 33, 33, 33, 33, 33, 33, 33, 33, 33, 33, 33, 33, 33, 33, 33]
15
# [4, 25, 25, 25, 25, 26, 26, 26, 27, 27, 27, 27, 27, 28, 28, 28, 28, 28, 28, 28, 28, 28, 29, 29, 29, 29, 29, 29, 30, 30, 30, 30, 30, 31]
# [0, 32, 32, 32, 32, 32, 32, 32, 32, 32, 32, 32, 32, 32, 32, 32, 32, 32, 32, 32, 32, 32, 32, 32, 32, 32, 32, 32, 32, 32, 32, 32, 32, 32]
33
# [8, 9, 9, 10, 10, 10, 10, 10, 10, 10, 10, 11, 11, 11, 12, 12, 12, 12, 12, 13, 13, 13, 13, 13, 14, 27, 29, 30, 30, 30, 30, 30, 32, 32]
# [9, 9, 9, 9, 9, 9, 9, 9, 9, 9, 9, 9, 9, 9, 9, 9, 9, 9, 9, 9, 9, 9, 9, 9, 9, 33, 33, 33, 33, 33, 33, 33, 33, 33]
9
# [9, 9, 10, 10, 10, 10, 11, 11, 11, 11, 11, 12, 12, 12, 12, 12, 12, 13, 13, 13, 14, 14, 15, 26, 27, 27, 29, 29, 30, 30, 30, 31, 31, 31]
# [11, 11, 11, 11, 11, 11, 11, 11, 11, 11, 11, 11, 11, 11, 11, 11, 11, 11, 11, 11, 11, 11, 11, 33, 33, 33, 33, 33, 33, 33, 33, 33, 33, 33]
11
# [1, 3, 3, 3, 4, 4, 4, 5, 5, 6, 6, 16, 18, 19, 19, 19, 19, 20, 20, 20, 20, 20, 20, 21, 21, 21, 22, 22, 22, 23, 23, 23, 24, 24]
# [0, 0, 0, 0, 0, 0, 0, 0, 0, 0, 0, 22, 22, 22, 22, 22, 22, 22, 22, 22, 22, 22, 22, 22, 22, 22, 22, 22, 22, 22, 22, 22, 22, 22]
23
# [10, 12, 12, 12, 12, 12, 12, 13, 13, 13, 13, 14, 14, 14, 14, 15, 15, 16, 16, 16, 18, 26, 27, 27, 27, 27, 28, 28, 29, 29, 30, 30, 31, 33]
# [13, 13, 13, 13, 13, 13, 13, 13, 13, 13, 13, 13, 13, 13, 13, 13, 13, 13, 13, 13, 13, 33, 33, 33, 33, 33, 33, 33, 33, 33, 33, 33, 33, 33]
13
# [3, 4, 4, 4, 5, 5, 5, 21, 21, 21, 22, 22, 22, 23, 23, 23, 23, 23, 24, 24, 24, 24, 25, 25, 25, 25, 25, 26, 26, 26, 27, 27, 27, 28]
# [0, 0, 0, 0, 0, 0, 0, 26, 26, 26, 26, 26, 26, 26, 26, 26, 26, 26, 26, 26, 26, 26, 26, 26, 26, 26, 26, 26, 26, 26, 26, 26, 26, 26]
27
