7
000000000000000000000
100000000000000000000
110000000000000000000
111000000000000000000
111100000000000000000
111110000000000000000
111111000000000000000
111111100000000000000
111111110000000000000
111111111000000000000
111111111100000000000
111111111110000000000
111111111111000000000
111111111111100000000
111111111111110000000
111111111111111000000
111111111111111100000
111111111111111110000
13
8
12
9
13
7
10
11
9
7
9
10
10
13
10
7
9
8
6
11
8
10
7
12
9
8
12
15
12
8
10
5
6
9
8
10
11
11
9
6
6
8
8
8
12
7
15
3
9
7
14
16
12
8
14
12
11
9
9
7
10
11
5
7
11
16
11
12
9
9
6
8
7
9
9
4
8
17
9
13
9
11
6
9
9
11
6
10
5
8
11
9
7
3
8
5
7
11
12
7
