5
0000000000
1000000000
1100000000
1000000100
1110000000
1100100000
1100010000
1100000001
1111000000
1110100000
1110001000
1100100001
1100010100
1100010010
1111100000
1110110000
1110101000
1110100001
1110001010
1100010011
1111110000
1111100001
1110110100
1110110010
16
16
18
20
13
23
20
23
17
13
23
23
7
5
23
7
16
23
13
20
16
9
20
9
23
23
18
2
16
6
9
9
23
10
9
9
2
13
17
20
20
18
23
23
21
18
9
14
23
23
23
2
17
18
23
23
7
2
10
17
23
6
18
23
6
7
16
20
19
20
13
10
15
23
5
21
10
10
15
21
9
23
10
18
20
10
15
16
3
23
17
15
20
20
17
2
16
23
9
17
