5
0000000000
1000000000
1100000000
1000000100
1110000000
1100100000
1100010000
1100000001
1111000000
1110100000
1110001000
1100100001
1100010100
1100010010
1111100000
1110110000
1110101000
1110100001
1110001010
1100010011
1111110000
1111100001
1110110100
1110110010
1110101001
1110001011
1111111000
1111110100
1111110010
1110110011
1111111100
1111110011
1111111110
20
12
31
6
6
10
11
17
13
14
24
23
23
14
10
28
9
17
30
16
30
9
23
13
12
29
20
11
25
20
2
24
10
16
13
23
20
14
9
14
28
3
15
27
6
27
6
26
9
24
20
16
20
14
16
9
18
23
15
18
9
16
30
4
31
12
13
20
20
24
3
1
13
7
20
10
24
10
15
17
10
14
9
4
16
31
18
12
15
15
13
4
9
29
24
26
28
10
20
24
