6
000000000000000
100000000000000
110000000000000
100000000100000
111000000000000
110001000000000
110000100000000
110000000000100
100000000100001
111100000000000
111001000000000
111000010000000
111000000000001
110001000000100
110000100100000
110000100010000
110000100000001
110000000000110
111110000000000
111101000000000
111100001000000
111001100000000
111001010000000
111001000000100
111001000000001
111000011000000
111000010010000
111000010001000
111000010000001
110001000000110
110000100100001
110000100010100
110000100010010
111111000000000
111101100000000
111101001000000
111101000000100
111101000000010
111100001001000
111001100100000
111001100010000
111001100000001
111001010001000
111001010000100
111001010000010
111001000000110
111001000000101
111000011010000
111000010010100
17
45
10
38
18
36
37
12
19
17
38
37
17
35
22
17
31
23
35
41
7
9
14
23
1
33
14
26
34
23
12
1
38
28
2
29
43
11
37
25
40
22
16
9
16
15
29
16
19
45
38
9
29
4
43
22
28
47
22
41
21
36
48
34
48
17
22
45
38
34
33
42
24
4
0
9
42
9
48
20
28
39
23
17
2
3
22
10
3
5
43
15
14
20
17
25
23
46
18
1
