7
000000000000000000000
100000000000000000000
110000000000000000000
111000000000000000000
111100000000000000000
111110000000000000000
111111000000000000000
111111100000000000000
111111110000000000000
111111111000000000000
111111111100000000000
111111111110000000000
111111111111000000000
111111111111100000000
111111111111110000000
111111111111111000000
111111111111111100000
111111111111111110000
111111111111111111000
111111111111111111100
111111111111111111110
8
18
12
5
10
6
11
10
6
7
4
16
13
11
12
5
6
14
15
4
3
13
7
6
11
9
9
8
5
3
11
9
7
14
9
9
5
7
10
12
11
11
8
16
4
10
10
9
6
11
15
12
9
13
3
11
12
13
16
16
3
7
3
9
6
13
16
14
7
13
6
6
9
14
8
9
18
12
13
8
0
4
13
10
12
8
8
12
17
8
10
7
17
7
16
14
5
6
14
5
