7
000000000000000000000
100000000000000000000
110000000000000000000
111000000000000000000
111100000000000000000
111110000000000000000
111111000000000000000
111111100000000000000
111111110000000000000
111111111000000000000
111111111100000000000
111111111110000000000
111111111111000000000
111111111111100000000
111111111111110000000
111111111111111000000
111111111111111100000
111111111111111110000
111111111111111111000
16
11
6
7
16
7
8
10
14
8
10
11
9
5
9
11
17
12
6
9
6
6
12
14
11
12
10
4
12
8
11
9
10
8
4
9
14
6
10
10
8
14
6
6
13
11
12
11
8
7
15
6
11
12
9
13
15
12
14
9
9
13
10
10
11
9
10
7
7
8
6
7
13
15
15
8
8
9
10
13
13
9
15
9
9
8
13
11
9
11
9
9
9
12
7
10
10
8
11
4
