19
000000000000000000000000000000000000000000000000000000000000000000000000000000000000000000000000000000000000000000000000000000000000000000000000000000000000000000000000000
111111111111111111000000000000000000000000000000000000000000000000000000000000000000000000000000000000000000000000000000000000000000000000000000000000000000000000000000000
111111111111111111111111111111111110000000000000000000000000000000000000000000000000000000000000000000000000000000000000000000000000000000000000000000000000000000000000000
111111111111111111111111111111111111111111111111111000000000000000000000000000000000000000000000000000000000000000000000000000000000000000000000000000000000000000000000000
111111111111111111111111111111111111111111111111111111111111111111000000000000000000000000000000000000000000000000000000000000000000000000000000000000000000000000000000000
111111111111111111111111111111111111111111111111111111111111111111111111111111110000000000000000000000000000000000000000000000000000000000000000000000000000000000000000000
111111111111111111111111111111111111111111111111111111111111111111111111111111111111111111111000000000000000000000000000000000000000000000000000000000000000000000000000000
111111111111111111111111111111111111111111111111111111111111111111111111111111111111111111111111111111111000000000000000000000000000000000000000000000000000000000000000000
111111111111111111111111111111111111111111111111111111111111111111111111111111111111111111111111111111111111111111110000000000000000000000000000000000000000000000000000000
111111110000000000111111100000000001111110000000000111110000000000111100000000001110000000000110000000000100000000000000000000000000000000000000000000000000000000000000000
111111111000000000111111110000000001111111000000000111111000000000111110000000001111000000000111000000000110000000001000000000000000000000000000000000000000000000000000000
111111111100000000111111111000000001111111100000000111111100000000111111000000001111100000000111100000000111000000001100000000100000000000000000000000000000000000000000000
111111111110000000111111111100000001111111110000000111111110000000111111100000001111110000000111110000000111100000001110000000110000000100000000000000000000000000000000000
111111111111000000111111111110000001111111111000000111111111000000111111110000001111111000000111111000000111110000001111000000111000000110000001000000000000000000000000000
111111111111100000111111111111000001111111111100000111111111100000111111111000001111111100000111111100000111111000001111100000111100000111000001100000100000000000000000000
111111111111110000111111111111100001111111111110000111111111110000111111111100001111111110000111111110000111111100001111110000111110000111100001110000110000100000000000000
111111111111111000111111111111110001111111111111000111111111111000111111111110001111111111000111111111000111111110001111111000111111000111110001111000111000110001000000000
111111111111111100111111111111111001111111111111100111111111111100111111111111001111111111100111111111100111111111001111111100111111100111111001111100111100111001100100000
111111111111111110111111111111111101111111111111110111111111111110111111111111101111111111110111111111110111111111101111111110111111110111111101111110111110111101110110100
# [2, 2, 3, 3, 4, 4, 4, 4, 4, 5, 5, 5, 5, 5, 5, 5, 6, 15, 16]
# [2, 2, 2, 2, 2, 2, 2, 2, 2, 2, 2, 2, 2, 2, 2, 2, 2, 18, 18]
2
# [1, 3, 12, 12, 12, 12, 13, 13, 14, 14, 14, 14, 14, 14, 15, 15, 16, 16, 16]
# [0, 0, 16, 16, 16, 16, 16, 16, 16, 16, 16, 16, 16, 16, 16, 16, 16, 16, 16]
17
# [6, 6, 7, 7, 7, 7, 7, 7, 8, 9, 10, 11, 15, 16, 17, 17, 17, 17, 17]
# [7, 7, 7, 7, 7, 7, 7, 7, 7, 7, 7, 7, 18, 18, 18, 18, 18, 18, 18]
7
# [1, 1, 1, 1, 1, 1, 1, 1, 1, 2, 2, 2, 2, 2, 3, 3, 3, 4, 4]
# [0, 0, 0, 0, 0, 0, 0, 0, 0, 0, 0, 0, 0, 0, 0, 0, 0, 0, 0]
0
# [0, 0, 1, 1, 2, 2, 2, 2, 2, 2, 2, 2, 3, 3, 3, 4, 4, 5, 6]
# [0, 0, 0, 0, 0, 0, 0, 0, 0, 0, 0, 0, 0, 0, 0, 0, 0, 0, 0]
0
# [1, 1, 3, 3, 10, 10, 11, 11, 12, 12, 12, 13, 13, 13, 13, 14, 14, 15, 15]
# [0, 0, 0, 0, 14, 14, 14, 14, 14, 14, 14, 14, 14, 14, 14, 14, 14, 14, 14]
15
# [0, 0, 1, 1, 1, 1, 1, 2, 2, 2, 2, 3, 3, 3, 3, 3, 3, 4, 5]
# [0, 0, 0, 0, 0, 0, 0, 0, 0, 0, 0, 0, 0, 0, 0, 0, 0, 0, 0]
0
# [2, 2, 2, 3, 3, 3, 3, 4, 4, 4, 4, 4, 4, 5, 5, 6, 7, 15, 18]
# [2, 2, 2, 2, 2, 2, 2, 2, 2, 2, 2, 2, 2, 2, 2, 2, 2, 18, 18]
2
# [1, 13, 13, 13, 14, 14, 14, 14, 15, 15, 15, 15, 15, 16, 16, 16, 17, 17, 17]
# [0, 17, 17, 17, 17, 17, 17, 17, 17, 17, 17, 17, 17, 17, 17, 17, 17, 17, 17]
18
# [0, 1, 2, 2, 2, 2, 2, 2, 2, 3, 3, 3, 4, 4, 4, 4, 4, 4, 16]
# [1, 1, 1, 1, 1, 1, 1, 1, 1, 1, 1, 1, 1, 1, 1, 1, 1, 1, 18]
1
# [0, 1, 2, 10, 12, 12, 12, 12, 12, 13, 13, 13, 14, 14, 14, 15, 15, 15, 15]
# [0, 0, 0, 15, 15, 15, 15, 15, 15, 15, 15, 15, 15, 15, 15, 15, 15, 15, 15]
16
# [5, 6, 7, 7, 7, 7, 7, 8, 8, 8, 9, 10, 15, 15, 16, 16, 16, 16, 17]
# [7, 7, 7, 7, 7, 7, 7, 7, 7, 7, 7, 7, 18, 18, 18, 18, 18, 18, 18]
7
# [3, 12, 14, 14, 14, 14, 15, 15, 15, 15, 15, 15, 16, 16, 16, 16, 17, 17, 17]
# [0, 17, 17, 17, 17, 17, 17, 17, 17, 17, 17, 17, 17, 17, 17, 17, 17, 17, 17]
18
# [1, 4, 13, 13, 13, 13, 13, 14, 14, 15, 15, 15, 15, 15, 16, 16, 16, 16, 17]
# [0, 0, 16, 16, 16, 16, 16, 16, 16, 16, 16, 16, 16, 16, 16, 16, 16, 16, 16]
17
# [1, 2, 2, 3, 3, 4, 4, 8, 10, 10, 10, 10, 11, 11, 11, 11, 12, 12, 15]
# [0, 0, 0, 0, 0, 0, 0, 11, 11, 11, 11, 11, 11, 11, 11, 11, 11, 11, 11]
12
# [5, 7, 7, 7, 8, 9, 9, 9, 9, 10, 11, 13, 13, 14, 15, 15, 16, 16, 17]
# [8, 8, 8, 8, 8, 8, 8, 8, 8, 8, 8, 18, 18, 18, 18, 18, 18, 18, 18]
8
# [0, 1, 2, 2, 3, 3, 3, 3, 4, 4, 4, 5, 5, 5, 6, 6, 7, 13, 16]
# [2, 2, 2, 2, 2, 2, 2, 2, 2, 2, 2, 2, 2, 2, 2, 2, 2, 18, 18]
2
# [1, 1, 2, 2, 2, 4, 4, 9, 9, 9, 10, 10, 11, 11, 11, 12, 12, 12, 12]
# [0, 0, 0, 0, 0, 0, 0, 11, 11, 11, 11, 11, 11, 11, 11, 11, 11, 11, 11]
12
# [0, 2, 2, 3, 3, 4, 4, 5, 5, 6, 7, 8, 8, 9, 10, 10, 10, 10, 12]
# [0, 0, 0, 0, 0, 0, 0, 0, 0, 0, 8, 8, 8, 8, 8, 8, 8, 8, 8]
9
# [1, 1, 1, 1, 2, 2, 3, 3, 5, 6, 7, 7, 8, 9, 9, 9, 9, 9, 12]
# [0, 0, 0, 0, 0, 0, 0, 0, 0, 9, 9, 9, 9, 9, 9, 9, 9, 9, 9]
10
# [1, 1, 1, 1, 2, 2, 3, 4, 5, 7, 7, 8, 8, 9, 9, 9, 9, 10, 10]
# [0, 0, 0, 0, 0, 0, 0, 0, 0, 9, 9, 9, 9, 9, 9, 9, 9, 9, 9]
10
# [1, 1, 2, 2, 2, 2, 3, 3, 3, 3, 3, 4, 4, 4, 4, 5, 5, 5, 16]
# [1, 1, 1, 1, 1, 1, 1, 1, 1, 1, 1, 1, 1, 1, 1, 1, 1, 1, 18]
1
# [2, 5, 6, 6, 11, 12, 12, 12, 13, 13, 13, 14, 14, 14, 15, 15, 15, 16, 16]
# [0, 0, 0, 0, 14, 14, 14, 14, 14, 14, 14, 14, 14, 14, 14, 14, 14, 14, 14]
15
# [0, 0, 1, 1, 2, 2, 2, 3, 4, 8, 8, 8, 9, 10, 10, 10, 10, 11, 11]
# [0, 0, 0, 0, 0, 0, 0, 0, 0, 9, 9, 9, 9, 9, 9, 9, 9, 9, 9]
10
# [1, 2, 12, 13, 13, 13, 13, 14, 14, 15, 15, 15, 15, 15, 15, 15, 15, 15, 16]
# [0, 0, 16, 16, 16, 16, 16, 16, 16, 16, 16, 16, 16, 16, 16, 16, 16, 16, 16]
17
# [2, 3, 3, 3, 3, 4, 4, 4, 4, 6, 6, 6, 6, 6, 7, 9, 14, 15, 17]
# [3, 3, 3, 3, 3, 3, 3, 3, 3, 3, 3, 3, 3, 3, 3, 3, 18, 18, 18]
3
# [0, 2, 2, 4, 4, 5, 9, 10, 10, 11, 11, 12, 12, 12, 13, 13, 13, 13, 14]
# [0, 0, 0, 0, 0, 0, 12, 12, 12, 12, 12, 12, 12, 12, 12, 12, 12, 12, 12]
13
# [1, 2, 3, 4, 9, 10, 10, 11, 11, 11, 11, 12, 12, 12, 13, 13, 13, 13, 15]
# [0, 0, 0, 0, 14, 14, 14, 14, 14, 14, 14, 14, 14, 14, 14, 14, 14, 14, 14]
15
# [1, 2, 3, 6, 9, 10, 11, 11, 11, 11, 12, 12, 13, 13, 13, 14, 14, 14, 14]
# [0, 0, 0, 0, 14, 14, 14, 14, 14, 14, 14, 14, 14, 14, 14, 14, 14, 14, 14]
15
# [0, 1, 5, 11, 11, 12, 12, 12, 12, 12, 12, 13, 13, 13, 14, 15, 15, 15, 16]
# [0, 0, 0, 15, 15, 15, 15, 15, 15, 15, 15, 15, 15, 15, 15, 15, 15, 15, 15]
16
# [6, 6, 7, 7, 8, 9, 9, 9, 9, 9, 9, 11, 15, 16, 16, 16, 17, 17, 18]
# [7, 7, 7, 7, 7, 7, 7, 7, 7, 7, 7, 7, 18, 18, 18, 18, 18, 18, 18]
7
# [2, 2, 2, 3, 3, 4, 4, 5, 8, 8, 9, 9, 9, 10, 10, 11, 11, 12, 14]
# [0, 0, 0, 0, 0, 0, 0, 0, 10, 10, 10, 10, 10, 10, 10, 10, 10, 10, 10]
11
# [1, 1, 1, 2, 2, 2, 2, 2, 3, 4, 4, 4, 5, 5, 5, 6, 6, 6, 7]
# [0, 0, 0, 0, 0, 0, 0, 0, 0, 0, 0, 0, 0, 0, 0, 0, 0, 0, 0]
0
# [1, 1, 1, 2, 2, 2, 2, 2, 2, 2, 3, 3, 3, 3, 4, 4, 4, 4, 5]
# [0, 0, 0, 0, 0, 0, 0, 0, 0, 0, 0, 0, 0, 0, 0, 0, 0, 0, 0]
0
# [0, 1, 1, 1, 1, 2, 2, 2, 2, 3, 3, 3, 3, 3, 4, 5, 5, 5, 6]
# [0, 0, 0, 0, 0, 0, 0, 0, 0, 0, 0, 0, 0, 0, 0, 0, 0, 0, 0]
0
# [0, 0, 1, 1, 1, 2, 2, 2, 2, 2, 2, 3, 3, 3, 3, 4, 4, 4, 5]
# [0, 0, 0, 0, 0, 0, 0, 0, 0, 0, 0, 0, 0, 0, 0, 0, 0, 0, 0]
0
# [1, 1, 1, 1, 2, 2, 2, 3, 3, 4, 7, 7, 7, 8, 8, 9, 9, 10, 11]
# [0, 0, 0, 0, 0, 0, 0, 0, 0, 0, 8, 8, 8, 8, 8, 8, 8, 8, 8]
9
# [5, 6, 7, 7, 7, 7, 7, 8, 8, 9, 9, 9, 9, 13, 14, 15, 16, 16, 18]
# [6, 6, 6, 6, 6, 6, 6, 6, 6, 6, 6, 6, 6, 18, 18, 18, 18, 18, 18]
6
# [2, 4, 4, 4, 4, 4, 5, 6, 6, 6, 6, 6, 6, 6, 7, 8, 13, 17, 18]
# [3, 3, 3, 3, 3, 3, 3, 3, 3, 3, 3, 3, 3, 3, 3, 3, 18, 18, 18]
3
# [2, 2, 3, 3, 3, 3, 3, 3, 4, 4, 4, 4, 4, 5, 5, 6, 6, 17, 17]
# [2, 2, 2, 2, 2, 2, 2, 2, 2, 2, 2, 2, 2, 2, 2, 2, 2, 18, 18]
2
# [2, 2, 3, 3, 4, 4, 4, 4, 5, 5, 5, 6, 6, 6, 7, 7, 8, 16, 17]
# [2, 2, 2, 2, 2, 2, 2, 2, 2, 2, 2, 2, 2, 2, 2, 2, 2, 18, 18]
2
# [3, 5, 6, 6, 6, 7, 7, 7, 8, 8, 9, 9, 9, 15, 15, 16, 16, 16, 18]
# [6, 6, 6, 6, 6, 6, 6, 6, 6, 6, 6, 6, 6, 18, 18, 18, 18, 18, 18]
6
# [7, 8, 8, 8, 8, 9, 9, 9, 9, 10, 11, 13, 13, 14, 14, 15, 17, 17, 17]
# [8, 8, 8, 8, 8, 8, 8, 8, 8, 8, 8, 18, 18, 18, 18, 18, 18, 18, 18]
8
# [1, 13, 14, 14, 14, 14, 15, 15, 15, 15, 15, 16, 16, 16, 17, 17, 17, 17, 17]
# [0, 17, 17, 17, 17, 17, 17, 17, 17, 17, 17, 17, 17, 17, 17, 17, 17, 17, 17]
18
# [0, 1, 1, 1, 2, 2, 2, 2, 3, 3, 5, 6, 6, 6, 7, 7, 8, 8, 8]
# [0, 0, 0, 0, 0, 0, 0, 0, 0, 0, 0, 0, 0, 0, 0, 0, 0, 0, 0]
0
# [2, 2, 3, 3, 4, 5, 10, 11, 11, 12, 12, 13, 13, 13, 13, 13, 14, 14, 14]
# [0, 0, 0, 0, 0, 0, 12, 12, 12, 12, 12, 12, 12, 12, 12, 12, 12, 12, 12]
13
# [1, 2, 3, 10, 10, 11, 11, 11, 12, 12, 12, 13, 13, 13, 13, 14, 14, 14, 15]
# [0, 0, 0, 15, 15, 15, 15, 15, 15, 15, 15, 15, 15, 15, 15, 15, 15, 15, 15]
16
# [2, 3, 4, 4, 4, 4, 5, 7, 8, 9, 9, 10, 10, 10, 10, 11, 11, 11, 12]
# [0, 0, 0, 0, 0, 0, 0, 11, 11, 11, 11, 11, 11, 11, 11, 11, 11, 11, 11]
12
# [4, 4, 5, 5, 5, 6, 6, 6, 6, 7, 7, 7, 8, 8, 8, 14, 15, 17, 18]
# [4, 4, 4, 4, 4, 4, 4, 4, 4, 4, 4, 4, 4, 4, 4, 18, 18, 18, 18]
4
# [7, 7, 8, 8, 9, 9, 10, 11, 11, 11, 12, 15, 15, 15, 16, 16, 16, 17, 17]
# [8, 8, 8, 8, 8, 8, 8, 8, 8, 8, 8, 18, 18, 18, 18, 18, 18, 18, 18]
8
# [2, 3, 3, 3, 4, 4, 4, 4, 5, 5, 5, 6, 6, 6, 6, 6, 16, 17, 17]
# [3, 3, 3, 3, 3, 3, 3, 3, 3, 3, 3, 3, 3, 3, 3, 3, 18, 18, 18]
3
# [3, 6, 6, 11, 13, 13, 13, 13, 13, 14, 14, 14, 14, 14, 14, 15, 15, 15, 18]
# [0, 0, 0, 15, 15, 15, 15, 15, 15, 15, 15, 15, 15, 15, 15, 15, 15, 15, 15]
16
# [1, 1, 2, 2, 3, 9, 10, 10, 11, 11, 12, 12, 12, 12, 12, 13, 13, 13, 13]
# [0, 0, 0, 0, 0, 13, 13, 13, 13, 13, 13, 13, 13, 13, 13, 13, 13, 13, 13]
14
# [6, 7, 7, 8, 8, 8, 8, 9, 9, 10, 10, 12, 15, 15, 16, 16, 16, 18, 18]
# [7, 7, 7, 7, 7, 7, 7, 7, 7, 7, 7, 7, 18, 18, 18, 18, 18, 18, 18]
7
# [6, 13, 13, 13, 14, 14, 14, 14, 14, 15, 15, 15, 15, 15, 16, 16, 16, 17, 17]
# [0, 17, 17, 17, 17, 17, 17, 17, 17, 17, 17, 17, 17, 17, 17, 17, 17, 17, 17]
18
# [2, 3, 4, 4, 4, 4, 5, 5, 5, 5, 5, 6, 6, 6, 7, 8, 14, 17, 18]
# [3, 3, 3, 3, 3, 3, 3, 3, 3, 3, 3, 3, 3, 3, 3, 3, 18, 18, 18]
3
# [2, 3, 3, 3, 3, 4, 8, 9, 10, 11, 11, 11, 12, 12, 12, 12, 12, 13, 13]
# [0, 0, 0, 0, 0, 0, 12, 12, 12, 12, 12, 12, 12, 12, 12, 12, 12, 12, 12]
13
# [3, 4, 4, 5, 5, 6, 6, 6, 6, 6, 7, 8, 8, 9, 14, 15, 15, 15, 16]
# [5, 5, 5, 5, 5, 5, 5, 5, 5, 5, 5, 5, 5, 5, 18, 18, 18, 18, 18]
5
# [4, 6, 6, 7, 7, 8, 8, 8, 8, 9, 9, 14, 15, 15, 16, 16, 16, 17, 17]
# [8, 8, 8, 8, 8, 8, 8, 8, 8, 8, 8, 18, 18, 18, 18, 18, 18, 18, 18]
8
# [4, 4, 5, 6, 7, 7, 7, 8, 8, 8, 8, 9, 9, 11, 15, 15, 16, 16, 17]
# [5, 5, 5, 5, 5, 5, 5, 5, 5, 5, 5, 5, 5, 5, 18, 18, 18, 18, 18]
5
# [0, 0, 1, 10, 11, 11, 12, 12, 12, 12, 12, 13, 13, 13, 13, 13, 14, 14, 14]
# [0, 0, 0, 15, 15, 15, 15, 15, 15, 15, 15, 15, 15, 15, 15, 15, 15, 15, 15]
16
# [1, 2, 2, 2, 2, 2, 3, 3, 4, 5, 6, 7, 8, 8, 8, 9, 10, 10, 12]
# [0, 0, 0, 0, 0, 0, 0, 0, 0, 0, 8, 8, 8, 8, 8, 8, 8, 8, 8]
9
# [0, 1, 1, 1, 2, 2, 3, 4, 4, 6, 8, 8, 8, 9, 9, 9, 9, 10, 10]
# [0, 0, 0, 0, 0, 0, 0, 0, 0, 9, 9, 9, 9, 9, 9, 9, 9, 9, 9]
10
# [2, 2, 3, 3, 4, 4, 4, 5, 5, 5, 6, 6, 7, 7, 8, 8, 8, 9, 10]
# [0, 0, 0, 0, 0, 0, 0, 0, 0, 0, 8, 8, 8, 8, 8, 8, 8, 8, 8]
9
# [2, 2, 2, 2, 3, 3, 4, 4, 5, 5, 6, 8, 8, 9, 9, 9, 10, 10, 11]
# [8, 8, 8, 8, 8, 8, 8, 8, 8, 8, 8, 18, 18, 18, 18, 18, 18, 18, 18]
8
# [7, 8, 8, 8, 8, 9, 9, 9, 9, 9, 10, 12, 13, 13, 15, 15, 15, 16, 17]
# [8, 8, 8, 8, 8, 8, 8, 8, 8, 8, 8, 18, 18, 18, 18, 18, 18, 18, 18]
8
# [0, 0, 1, 2, 2, 3, 3, 6, 6, 7, 8, 8, 9, 9, 9, 9, 10, 11, 11]
# [0, 0, 0, 0, 0, 0, 0, 11, 11, 11, 11, 11, 11, 11, 11, 11, 11, 11, 11]
12
# [5, 5, 5, 5, 5, 6, 6, 6, 6, 6, 6, 6, 7, 7, 15, 16, 16, 17, 17]
# [5, 5, 5, 5, 5, 5, 5, 5, 5, 5, 5, 5, 5, 5, 18, 18, 18, 18, 18]
5
# [3, 3, 4, 4, 4, 5, 5, 5, 5, 6, 6, 6, 6, 6, 6, 6, 16, 17, 17]
# [3, 3, 3, 3, 3, 3, 3, 3, 3, 3, 3, 3, 3, 3, 3, 3, 18, 18, 18]
3
# [3, 4, 4, 5, 5, 5, 5, 5, 6, 6, 6, 6, 6, 7, 10, 16, 17, 17, 17]
# [4, 4, 4, 4, 4, 4, 4, 4, 4, 4, 4, 4, 4, 4, 4, 18, 18, 18, 18]
4
# [0, 1, 1, 1, 1, 1, 2, 2, 2, 2, 3, 3, 3, 3, 4, 4, 4, 6, 15]
# [1, 1, 1, 1, 1, 1, 1, 1, 1, 1, 1, 1, 1, 1, 1, 1, 1, 1, 18]
1
# [1, 1, 1, 1, 1, 3, 3, 3, 4, 7, 8, 8, 8, 9, 9, 9, 10, 10, 10]
# [0, 0, 0, 0, 0, 0, 0, 0, 0, 9, 9, 9, 9, 9, 9, 9, 9, 9, 9]
10
# [5, 7, 7, 8, 8, 8, 8, 8, 8, 9, 11, 14, 14, 15, 15, 16, 16, 16, 17]
# [8, 8, 8, 8, 8, 8, 8, 8, 8, 8, 8, 18, 18, 18, 18, 18, 18, 18, 18]
8
# [0, 1, 1, 1, 1, 1, 2, 2, 2, 2, 2, 2, 2, 3, 3, 3, 3, 4, 5]
# [0, 0, 0, 0, 0, 0, 0, 0, 0, 0, 0, 0, 0, 0, 0, 0, 0, 0, 0]
0
# [0, 1, 1, 2, 2, 2, 3, 3, 3, 3, 7, 7, 7, 7, 8, 9, 9, 10, 10]
# [0, 0, 0, 0, 0, 0, 0, 0, 0, 0, 8, 8, 8, 8, 8, 8, 8, 8, 8]
9
# [1, 1, 2, 2, 3, 3, 3, 4, 4, 4, 6, 6, 7, 7, 8, 8, 9, 9, 9]
# [0, 0, 0, 0, 0, 0, 0, 0, 0, 0, 8, 8, 8, 8, 8, 8, 8, 8, 8]
9
# [3, 3, 3, 3, 3, 3, 4, 4, 4, 5, 5, 5, 5, 5, 6, 8, 14, 14, 17]
# [3, 3, 3, 3, 3, 3, 3, 3, 3, 3, 3, 3, 3, 3, 3, 3, 18, 18, 18]
3
# [2, 2, 2, 3, 3, 3, 3, 3, 3, 4, 6, 8, 9, 9, 9, 9, 10, 11, 13]
# [8, 8, 8, 8, 8, 8, 8, 8, 8, 8, 8, 18, 18, 18, 18, 18, 18, 18, 18]
8
# [1, 1, 1, 2, 2, 2, 2, 2, 2, 2, 2, 2, 3, 3, 3, 3, 3, 4, 4]
# [0, 0, 0, 0, 0, 0, 0, 0, 0, 0, 0, 0, 0, 0, 0, 0, 0, 0, 0]
0
# [0, 1, 1, 1, 1, 1, 1, 1, 2, 2, 2, 3, 3, 3, 3, 3, 3, 3, 4]
# [0, 0, 0, 0, 0, 0, 0, 0, 0, 0, 0, 0, 0, 0, 0, 0, 0, 0, 0]
0
# [1, 2, 2, 2, 2, 3, 3, 3, 4, 4, 4, 4, 4, 4, 5, 5, 5, 8, 15]
# [1, 1, 1, 1, 1, 1, 1, 1, 1, 1, 1, 1, 1, 1, 1, 1, 1, 1, 18]
1
# [2, 4, 5, 11, 13, 13, 14, 14, 14, 14, 14, 14, 15, 15, 15, 15, 16, 16, 16]
# [0, 0, 0, 15, 15, 15, 15, 15, 15, 15, 15, 15, 15, 15, 15, 15, 15, 15, 15]
16
# [0, 1, 1, 1, 2, 2, 3, 4, 5, 8, 8, 8, 8, 9, 9, 9, 10, 10, 10]
# [0, 0, 0, 0, 0, 0, 0, 0, 0, 9, 9, 9, 9, 9, 9, 9, 9, 9, 9]
10
# [3, 4, 5, 5, 5, 5, 5, 6, 6, 6, 6, 7, 7, 7, 9, 15, 16, 16, 17]
# [4, 4, 4, 4, 4, 4, 4, 4, 4, 4, 4, 4, 4, 4, 4, 18, 18, 18, 18]
4
# [0, 0, 0, 1, 1, 1, 1, 1, 1, 1, 2, 2, 2, 2, 2, 2, 3, 3, 3]
# [0, 0, 0, 0, 0, 0, 0, 0, 0, 0, 0, 0, 0, 0, 0, 0, 0, 0, 0]
0
# [1, 2, 2, 2, 3, 3, 3, 4, 4, 5, 5, 5, 5, 5, 6, 6, 6, 14, 15]
# [2, 2, 2, 2, 2, 2, 2, 2, 2, 2, 2, 2, 2, 2, 2, 2, 2, 18, 18]
2
# [3, 3, 4, 4, 4, 5, 5, 5, 5, 6, 6, 7, 7, 8, 9, 15, 15, 16, 17]
# [4, 4, 4, 4, 4, 4, 4, 4, 4, 4, 4, 4, 4, 4, 4, 18, 18, 18, 18]
4
# [1, 1, 1, 1, 2, 2, 2, 3, 3, 3, 4, 5, 5, 5, 5, 5, 5, 5, 6]
# [0, 0, 0, 0, 0, 0, 0, 0, 0, 0, 0, 0, 0, 0, 0, 0, 0, 0, 0]
0
# [4, 5, 5, 5, 5, 5, 5, 5, 6, 6, 6, 7, 7, 7, 8, 14, 15, 17, 18]
# [4, 4, 4, 4, 4, 4, 4, 4, 4, 4, 4, 4, 4, 4, 4, 18, 18, 18, 18]
4
# [7, 7, 7, 8, 9, 9, 9, 10, 10, 10, 12, 15, 16, 16, 16, 16, 16, 17, 18]
# [8, 8, 8, 8, 8, 8, 8, 8, 8, 8, 8, 18, 18, 18, 18, 18, 18, 18, 18]
8
# [4, 4, 4, 4, 4, 4, 4, 6, 6, 6, 7, 7, 8, 8, 10, 12, 14, 15, 15]
# [5, 5, 5, 5, 5, 5, 5, 5, 5, 5, 5, 5, 5, 5, 18, 18, 18, 18, 18]
5
# [0, 1, 1, 2, 2, 5, 8, 9, 10, 10, 10, 11, 11, 11, 12, 12, 13, 13, 13]
# [0, 0, 0, 0, 0, 0, 12, 12, 12, 12, 12, 12, 12, 12, 12, 12, 12, 12, 12]
13
# [1, 2, 2, 9, 10, 11, 12, 12, 12, 12, 12, 12, 13, 13, 13, 14, 14, 15, 15]
# [0, 0, 0, 15, 15, 15, 15, 15, 15, 15, 15, 15, 15, 15, 15, 15, 15, 15, 15]
16
# [1, 1, 2, 2, 2, 2, 3, 3, 4, 6, 8, 9, 9, 9, 9, 9, 9, 10, 12]
# [0, 0, 0, 0, 0, 0, 0, 0, 0, 9, 9, 9, 9, 9, 9, 9, 9, 9, 9]
10
# [1, 12, 12, 13, 13, 13, 13, 14, 14, 14, 14, 14, 14, 15, 15, 15, 16, 16, 16]
# [0, 17, 17, 17, 17, 17, 17, 17, 17, 17, 17, 17, 17, 17, 17, 17, 17, 17, 17]
18
# [1, 2, 2, 2, 3, 3, 4, 9, 9, 10, 10, 10, 10, 11, 12, 12, 12, 13, 13]
# [0, 0, 0, 0, 0, 0, 0, 11, 11, 11, 11, 11, 11, 11, 11, 11, 11, 11, 11]
12
# [2, 5, 9, 13, 13, 13, 13, 14, 14, 14, 14, 14, 14, 14, 15, 15, 15, 15, 16]
# [0, 0, 0, 15, 15, 15, 15, 15, 15, 15, 15, 15, 15, 15, 15, 15, 15, 15, 15]
16
# [0, 1, 1, 2, 2, 2, 3, 4, 5, 5, 7, 7, 7, 8, 8, 9, 9, 10, 10]
# [0, 0, 0, 0, 0, 0, 0, 0, 0, 0, 8, 8, 8, 8, 8, 8, 8, 8, 8]
9
# [1, 1, 2, 2, 2, 3, 3, 3, 3, 4, 4, 4, 4, 4, 5, 5, 5, 7, 14]
# [1, 1, 1, 1, 1, 1, 1, 1, 1, 1, 1, 1, 1, 1, 1, 1, 1, 1, 18]
1
# [3, 3, 3, 4, 4, 4, 4, 4, 5, 5, 5, 6, 6, 7, 7, 8, 14, 14, 16]
# [3, 3, 3, 3, 3, 3, 3, 3, 3, 3, 3, 3, 3, 3, 3, 3, 18, 18, 18]
3
