7
000000000000000000000
100000000000000000000
110000000000000000000
111000000000000000000
111100000000000000000
111110000000000000000
111111000000000000000
111111100000000000000
111111110000000000000
111111111000000000000
111111111100000000000
111111111110000000000
111111111111000000000
111111111111100000000
111111111111110000000
111111111111111000000
111111111111111100000
111111111111111110000
111111111111111111000
16
14
6
7
9
8
11
7
5
7
12
12
15
7
9
9
9
16
15
8
10
13
10
7
8
8
6
11
12
6
9
11
7
12
17
6
6
8
13
12
11
16
13
10
11
12
11
7
8
14
12
6
9
9
9
7
12
11
9
11
13
7
10
7
18
7
10
15
15
8
10
5
7
10
13
11
11
13
11
7
8
10
6
12
9
6
9
6
16
9
8
13
9
10
11
11
13
9
10
7
