5
0000000000
1000000000
1100000000
1000000100
1110000000
1100100000
1100010000
1100000001
1111000000
1110100000
1110001000
1100100001
1100010100
1100010010
1111100000
1110110000
1110101000
1110100001
1110001010
1100010011
1111110000
1111100001
1110110100
1110110010
1110101001
1110001011
1111111000
1111110100
1111110010
17
9
2
13
28
13
10
23
17
11
11
27
18
17
6
17
6
7
20
25
19
14
6
6
23
10
20
4
28
7
14
6
23
10
14
9
16
18
2
6
2
16
20
6
17
17
20
17
1
19
12
6
16
20
28
6
24
15
18
16
9
19
6
7
19
9
28
23
13
10
24
9
28
14
9
13
20
20
28
11
10
2
14
27
14
28
1
14
3
4
24
16
6
28
6
9
11
7
20
13
