5
0000000000
1000000000
1100000000
1000000100
1110000000
1100100000
1100010000
1100000001
1111000000
1110100000
1110001000
1100100001
1100010100
1100010010
1111100000
1110110000
1110101000
1110100001
1110001010
1100010011
1111110000
1111100001
1110110100
1110110010
1110101001
1110001011
1111111000
1111110100
1111110010
1110110011
5
20
24
14
29
12
20
17
4
14
17
11
7
9
18
10
7
3
10
24
13
10
29
6
6
23
7
28
23
4
24
29
17
13
23
4
28
18
10
18
18
23
14
24
9
23
27
29
19
2
6
27
11
9
29
1
20
4
17
29
17
24
4
2
20
23
10
8
7
6
14
9
7
29
28
13
10
9
6
24
20
20
5
4
14
17
18
13
13
17
17
6
29
9
10
20
17
17
4
7
