7
000000000000000000000
100000000000000000000
110000000000000000000
111000000000000000000
111100000000000000000
111110000000000000000
111111000000000000000
111111100000000000000
111111110000000000000
111111111000000000000
111111111100000000000
111111111110000000000
111111111111000000000
111111111111100000000
111111111111110000000
111111111111111000000
111111111111111100000
111111111111111110000
2
13
7
17
17
6
4
13
6
12
13
4
11
7
12
6
6
5
7
9
6
11
6
13
11
4
9
11
6
2
11
15
11
13
5
10
4
11
9
2
6
10
10
13
4
4
6
6
13
11
10
14
8
11
7
6
9
8
8
10
12
9
11
5
8
9
6
13
10
10
6
9
9
11
6
8
7
12
8
15
11
14
6
13
10
11
12
5
8
8
8
6
8
9
12
12
3
7
8
9
