8
0000000000000000000000000000
1000000000000000000000000000
1100000000000000000000000000
1110000000000000000000000000
1111000000000000000000000000
1111100000000000000000000000
1111110000000000000000000000
1111111000000000000000000000
1111111100000000000000000000
1111111110000000000000000000
1111111111000000000000000000
1111111111100000000000000000
1111111111110000000000000000
1111111111111000000000000000
1111111111111100000000000000
1111111111111110000000000000
1111111111111111000000000000
1111111111111111100000000000
1111111111111111110000000000
1111111111111111111000000000
1111111111111111111100000000
1111111111111111111110000000
1111111111111111111111000000
1111111111111111111111100000
1111111111111111111111110000
1111111111111111111111111000
1111111111111111111111111100
14
4
24
8
8
15
17
17
14
8
10
12
25
19
13
15
16
15
15
21
13
10
14
23
22
18
17
1
13
7
13
17
23
22
2
24
2
26
16
18
9
12
8
14
11
5
14
16
8
17
9
22
22
5
16
3
11
20
5
14
8
4
21
20
3
10
15
10
22
7
6
16
6
3
10
16
22
17
5
13
13
12
19
19
23
13
3
5
14
4
7
20
3
11
1
15
16
13
7
13
