7
000000000000000000000
100000000000000000000
110000000000000000000
111000000000000000000
111100000000000000000
111110000000000000000
111111000000000000000
111111100000000000000
111111110000000000000
111111111000000000000
111111111100000000000
111111111110000000000
111111111111000000000
111111111111100000000
111111111111110000000
111111111111111000000
111111111111111100000
111111111111111110000
8
12
11
7
16
7
11
9
11
10
9
9
14
8
6
10
14
9
4
8
11
11
8
9
9
7
8
10
9
7
7
9
10
7
9
5
11
7
13
8
9
11
7
13
9
9
9
11
8
17
12
7
12
10
8
14
16
4
9
8
11
7
8
9
9
11
12
13
10
11
13
14
11
12
8
10
10
8
9
7
8
12
11
13
8
11
7
3
6
9
13
6
10
7
11
13
9
7
11
15
