6
000000000000000
100000000000000
110000000000000
100000000100000
111000000000000
110001000000000
110000100000000
110000000000100
100000000100001
111100000000000
111001000000000
111000010000000
111000000000001
110001000000100
110000100100000
110000100010000
110000100000001
110000000000110
111110000000000
111101000000000
111100001000000
111001100000000
111001010000000
111001000000100
111001000000001
111000011000000
111000010010000
111000010001000
111000010000001
110001000000110
110000100100001
110000100010100
110000100010010
111111000000000
111101100000000
111101001000000
111101000000100
111101000000010
111100001001000
111001100100000
111001100010000
111001100000001
111001010001000
111001010000100
111001010000010
111001000000110
111001000000101
111000011010000
111000010010100
111000010010010
111000010010001
111000010001001
110001000000111
110000100010011
111111100000000
111111000000100
111101110000000
111101101000000
111101100100000
111101100010000
111101100001000
111101100000001
111101001001000
111101001000100
111101001000010
111101000000011
111100001001010
111001100100001
111001100010100
111001100010010
111001100010001
111001010001100
111001010000110
111001010000011
111001000000111
111000011011000
111000011010010
111000010010011
111111110000000
111111100100000
22
51
57
16
15
79
59
69
64
76
79
27
28
46
35
38
40
17
69
35
79
79
17
79
37
79
35
79
71
70
49
46
54
48
79
43
21
46
79
60
79
49
44
22
71
78
36
6
24
11
79
44
51
79
7
79
12
26
79
70
79
79
64
79
15
71
29
59
32
64
35
36
44
19
73
79
79
64
79
59
28
59
26
79
7
79
31
21
11
60
64
79
70
7
10
79
79
37
44
64
