8
0000000000000000000000000000
1000000000000000000000000000
1100000000000000000000000000
1110000000000000000000000000
1111000000000000000000000000
1111100000000000000000000000
1111110000000000000000000000
1111111000000000000000000000
1111111100000000000000000000
1111111110000000000000000000
1111111111000000000000000000
1111111111100000000000000000
1111111111110000000000000000
1111111111111000000000000000
1111111111111100000000000000
1111111111111110000000000000
1111111111111111000000000000
1111111111111111100000000000
1111111111111111110000000000
1111111111111111111000000000
1111111111111111111100000000
1111111111111111111110000000
1111111111111111111111000000
1111111111111111111111100000
15
10
11
8
12
14
14
10
15
16
18
8
11
12
13
12
15
10
14
11
18
17
15
18
13
15
14
9
12
11
19
9
13
11
10
15
15
10
11
14
18
17
18
12
10
18
15
18
14
16
14
17
14
20
15
12
17
14
10
17
17
8
12
17
11
18
15
14
13
14
14
11
12
13
11
13
10
13
9
19
8
13
13
16
15
13
19
17
14
14
16
11
16
6
10
10
11
16
15
14
