11
0000000000000000000000000000000000000000000000000000000
1000000000000000000000000000000000000000000000000000000
1100000000000000000000000000000000000000000000000000000
1110000000000000000000000000000000000000000000000000000
1111000000000000000000000000000000000000000000000000000
1111100000000000000000000000000000000000000000000000000
1111110000000000000000000000000000000000000000000000000
1111111000000000000000000000000000000000000000000000000
1111111100000000000000000000000000000000000000000000000
1111111110000000000000000000000000000000000000000000000
1111111111000000000000000000000000000000000000000000000
1111111111100000000000000000000000000000000000000000000
1111111111110000000000000000000000000000000000000000000
1111111111111000000000000000000000000000000000000000000
1111111111111100000000000000000000000000000000000000000
1111111111111110000000000000000000000000000000000000000
1111111111111111000000000000000000000000000000000000000
1111111111111111100000000000000000000000000000000000000
1111111111111111110000000000000000000000000000000000000
1111111111111111111000000000000000000000000000000000000
1111111111111111111100000000000000000000000000000000000
1111111111111111111110000000000000000000000000000000000
1111111111111111111111000000000000000000000000000000000
1111111111111111111111100000000000000000000000000000000
1111111111111111111111110000000000000000000000000000000
1111111111111111111111111000000000000000000000000000000
1111111111111111111111111100000000000000000000000000000
1111111111111111111111111110000000000000000000000000000
1111111111111111111111111111000000000000000000000000000
1111111111111111111111111111100000000000000000000000000
1111111111111111111111111111110000000000000000000000000
1111111111111111111111111111111000000000000000000000000
1111111111111111111111111111111100000000000000000000000
1111111111111111111111111111111110000000000000000000000
1111111111111111111111111111111111000000000000000000000
1111111111111111111111111111111111100000000000000000000
1111111111111111111111111111111111110000000000000000000
1111111111111111111111111111111111111000000000000000000
1111111111111111111111111111111111111100000000000000000
1111111111111111111111111111111111111110000000000000000
1111111111111111111111111111111111111111000000000000000
1111111111111111111111111111111111111111100000000000000
1111111111111111111111111111111111111111110000000000000
1111111111111111111111111111111111111111111000000000000
1111111111111111111111111111111111111111111100000000000
1111111111111111111111111111111111111111111110000000000
1111111111111111111111111111111111111111111111000000000
1111111111111111111111111111111111111111111111100000000
1111111111111111111111111111111111111111111111110000000
1111111111111111111111111111111111111111111111111000000
1111111111111111111111111111111111111111111111111100000
1111111111111111111111111111111111111111111111111110000
1111111111111111111111111111111111111111111111111111000
1111111111111111111111111111111111111111111111111111100
29
32
19
21
28
47
46
18
17
41
53
3
9
5
4
4
12
46
49
31
34
38
40
30
11
7
29
32
47
3
7
49
3
28
28
53
52
16
28
48
45
21
27
49
27
35
4
9
2
12
9
37
27
27
36
51
34
8
4
4
47
43
40
20
20
26
34
40
23
42
12
24
9
11
5
41
32
3
15
44
20
25
42
36
20
48
31
23
52
48
30
22
43
9
45
16
13
8
42
37
