10
000000000000000000000000000000000000000000000
100000000000000000000000000000000000000000000
110000000000000000000000000000000000000000000
111000000000000000000000000000000000000000000
111100000000000000000000000000000000000000000
111110000000000000000000000000000000000000000
111111000000000000000000000000000000000000000
111111100000000000000000000000000000000000000
111111110000000000000000000000000000000000000
111111111000000000000000000000000000000000000
111111111100000000000000000000000000000000000
111111111110000000000000000000000000000000000
111111111111000000000000000000000000000000000
111111111111100000000000000000000000000000000
111111111111110000000000000000000000000000000
111111111111111000000000000000000000000000000
111111111111111100000000000000000000000000000
111111111111111110000000000000000000000000000
111111111111111111000000000000000000000000000
111111111111111111100000000000000000000000000
111111111111111111110000000000000000000000000
111111111111111111111000000000000000000000000
111111111111111111111100000000000000000000000
111111111111111111111110000000000000000000000
111111111111111111111111000000000000000000000
111111111111111111111111100000000000000000000
111111111111111111111111110000000000000000000
111111111111111111111111111000000000000000000
111111111111111111111111111100000000000000000
111111111111111111111111111110000000000000000
111111111111111111111111111111000000000000000
111111111111111111111111111111100000000000000
111111111111111111111111111111110000000000000
111111111111111111111111111111111000000000000
111111111111111111111111111111111100000000000
111111111111111111111111111111111110000000000
111111111111111111111111111111111111000000000
111111111111111111111111111111111111100000000
111111111111111111111111111111111111110000000
111111111111111111111111111111111111111000000
111111111111111111111111111111111111111100000
13
16
26
20
25
25
16
17
24
25
16
31
16
17
25
22
15
18
16
25
14
17
19
31
26
18
16
26
25
17
20
16
12
21
22
18
15
26
22
16
20
17
16
16
11
18
19
11
26
11
24
24
13
15
19
28
15
23
28
22
14
13
29
27
18
16
18
13
15
16
32
27
19
30
15
18
17
22
22
28
26
21
25
11
32
23
8
18
19
17
26
29
19
19
21
28
13
29
27
19
