7
000000000000000000000
100000000000000000000
110000000000000000000
111000000000000000000
111100000000000000000
111110000000000000000
111111000000000000000
111111100000000000000
111111110000000000000
111111111000000000000
111111111100000000000
111111111110000000000
111111111111000000000
111111111111100000000
111111111111110000000
111111111111111000000
111111111111111100000
111111111111111110000
111111111111111111000
111111111111111111100
111111111111111111110
3
19
12
16
6
7
7
13
17
16
4
11
11
1
1
2
16
11
8
15
8
11
6
14
11
17
14
4
5
2
3
10
14
6
3
18
1
4
18
4
15
15
0
20
15
16
18
11
15
4
16
15
12
16
11
7
7
7
19
0
0
8
16
14
6
8
11
9
11
16
20
3
13
20
3
17
0
7
14
14
15
18
0
5
0
2
9
19
9
11
20
17
19
17
1
16
0
17
7
9
