8
0000000000000000000000000000
1000000000000000000000000000
1100000000000000000000000000
1110000000000000000000000000
1111000000000000000000000000
1111100000000000000000000000
1111110000000000000000000000
1111111000000000000000000000
1111111100000000000000000000
1111111110000000000000000000
1111111111000000000000000000
1111111111100000000000000000
1111111111110000000000000000
1111111111111000000000000000
1111111111111100000000000000
1111111111111110000000000000
1111111111111111000000000000
1111111111111111100000000000
1111111111111111110000000000
1111111111111111111000000000
1111111111111111111100000000
1111111111111111111110000000
11
5
18
19
8
13
20
5
2
6
19
9
16
19
10
21
0
1
8
15
11
18
21
9
4
18
9
6
20
0
14
6
1
8
2
4
1
3
5
2
9
21
9
17
16
11
5
7
12
15
18
2
20
3
7
16
11
0
8
5
18
20
15
6
19
12
19
21
19
20
5
20
14
13
8
9
4
15
20
13
15
12
6
10
19
20
4
8
18
20
21
15
19
18
4
21
17
17
0
8
