15
000000000000000000000000000000000000000000000000000000000000000000000000000000000000000000000000000000000
100000000000000000000000000000000000000000000000000000000000000000000000000000000000000000000000000000000
110000000000000000000000000000000000000000000000000000000000000000000000000000000000000000000000000000000
111000000000000000000000000000000000000000000000000000000000000000000000000000000000000000000000000000000
111100000000000000000000000000000000000000000000000000000000000000000000000000000000000000000000000000000
111110000000000000000000000000000000000000000000000000000000000000000000000000000000000000000000000000000
111111000000000000000000000000000000000000000000000000000000000000000000000000000000000000000000000000000
111111100000000000000000000000000000000000000000000000000000000000000000000000000000000000000000000000000
111111110000000000000000000000000000000000000000000000000000000000000000000000000000000000000000000000000
111111111000000000000000000000000000000000000000000000000000000000000000000000000000000000000000000000000
111111111100000000000000000000000000000000000000000000000000000000000000000000000000000000000000000000000
111111111110000000000000000000000000000000000000000000000000000000000000000000000000000000000000000000000
111111111111000000000000000000000000000000000000000000000000000000000000000000000000000000000000000000000
111111111111100000000000000000000000000000000000000000000000000000000000000000000000000000000000000000000
111111111111110000000000000000000000000000000000000000000000000000000000000000000000000000000000000000000
111111111111111000000000000000000000000000000000000000000000000000000000000000000000000000000000000000000
111111111111111100000000000000000000000000000000000000000000000000000000000000000000000000000000000000000
111111111111111110000000000000000000000000000000000000000000000000000000000000000000000000000000000000000
111111111111111111000000000000000000000000000000000000000000000000000000000000000000000000000000000000000
111111111111111111100000000000000000000000000000000000000000000000000000000000000000000000000000000000000
111111111111111111110000000000000000000000000000000000000000000000000000000000000000000000000000000000000
111111111111111111111000000000000000000000000000000000000000000000000000000000000000000000000000000000000
111111111111111111111100000000000000000000000000000000000000000000000000000000000000000000000000000000000
111111111111111111111110000000000000000000000000000000000000000000000000000000000000000000000000000000000
111111111111111111111111000000000000000000000000000000000000000000000000000000000000000000000000000000000
111111111111111111111111100000000000000000000000000000000000000000000000000000000000000000000000000000000
111111111111111111111111110000000000000000000000000000000000000000000000000000000000000000000000000000000
111111111111111111111111111000000000000000000000000000000000000000000000000000000000000000000000000000000
111111111111111111111111111100000000000000000000000000000000000000000000000000000000000000000000000000000
111111111111111111111111111110000000000000000000000000000000000000000000000000000000000000000000000000000
111111111111111111111111111111000000000000000000000000000000000000000000000000000000000000000000000000000
111111111111111111111111111111100000000000000000000000000000000000000000000000000000000000000000000000000
111111111111111111111111111111110000000000000000000000000000000000000000000000000000000000000000000000000
111111111111111111111111111111111000000000000000000000000000000000000000000000000000000000000000000000000
111111111111111111111111111111111100000000000000000000000000000000000000000000000000000000000000000000000
111111111111111111111111111111111110000000000000000000000000000000000000000000000000000000000000000000000
111111111111111111111111111111111111000000000000000000000000000000000000000000000000000000000000000000000
111111111111111111111111111111111111100000000000000000000000000000000000000000000000000000000000000000000
111111111111111111111111111111111111110000000000000000000000000000000000000000000000000000000000000000000
111111111111111111111111111111111111111000000000000000000000000000000000000000000000000000000000000000000
111111111111111111111111111111111111111100000000000000000000000000000000000000000000000000000000000000000
111111111111111111111111111111111111111110000000000000000000000000000000000000000000000000000000000000000
111111111111111111111111111111111111111111000000000000000000000000000000000000000000000000000000000000000
111111111111111111111111111111111111111111100000000000000000000000000000000000000000000000000000000000000
111111111111111111111111111111111111111111110000000000000000000000000000000000000000000000000000000000000
111111111111111111111111111111111111111111111000000000000000000000000000000000000000000000000000000000000
111111111111111111111111111111111111111111111100000000000000000000000000000000000000000000000000000000000
111111111111111111111111111111111111111111111110000000000000000000000000000000000000000000000000000000000
111111111111111111111111111111111111111111111111000000000000000000000000000000000000000000000000000000000
111111111111111111111111111111111111111111111111100000000000000000000000000000000000000000000000000000000
111111111111111111111111111111111111111111111111110000000000000000000000000000000000000000000000000000000
111111111111111111111111111111111111111111111111111000000000000000000000000000000000000000000000000000000
111111111111111111111111111111111111111111111111111100000000000000000000000000000000000000000000000000000
111111111111111111111111111111111111111111111111111110000000000000000000000000000000000000000000000000000
111111111111111111111111111111111111111111111111111111000000000000000000000000000000000000000000000000000
111111111111111111111111111111111111111111111111111111100000000000000000000000000000000000000000000000000
111111111111111111111111111111111111111111111111111111110000000000000000000000000000000000000000000000000
111111111111111111111111111111111111111111111111111111111000000000000000000000000000000000000000000000000
111111111111111111111111111111111111111111111111111111111100000000000000000000000000000000000000000000000
111111111111111111111111111111111111111111111111111111111110000000000000000000000000000000000000000000000
111111111111111111111111111111111111111111111111111111111111000000000000000000000000000000000000000000000
111111111111111111111111111111111111111111111111111111111111100000000000000000000000000000000000000000000
111111111111111111111111111111111111111111111111111111111111110000000000000000000000000000000000000000000
111111111111111111111111111111111111111111111111111111111111111000000000000000000000000000000000000000000
111111111111111111111111111111111111111111111111111111111111111100000000000000000000000000000000000000000
111111111111111111111111111111111111111111111111111111111111111110000000000000000000000000000000000000000
111111111111111111111111111111111111111111111111111111111111111111000000000000000000000000000000000000000
111111111111111111111111111111111111111111111111111111111111111111100000000000000000000000000000000000000
111111111111111111111111111111111111111111111111111111111111111111110000000000000000000000000000000000000
111111111111111111111111111111111111111111111111111111111111111111111000000000000000000000000000000000000
111111111111111111111111111111111111111111111111111111111111111111111100000000000000000000000000000000000
111111111111111111111111111111111111111111111111111111111111111111111110000000000000000000000000000000000
111111111111111111111111111111111111111111111111111111111111111111111111000000000000000000000000000000000
111111111111111111111111111111111111111111111111111111111111111111111111100000000000000000000000000000000
111111111111111111111111111111111111111111111111111111111111111111111111110000000000000000000000000000000
111111111111111111111111111111111111111111111111111111111111111111111111111000000000000000000000000000000
111111111111111111111111111111111111111111111111111111111111111111111111111100000000000000000000000000000
111111111111111111111111111111111111111111111111111111111111111111111111111110000000000000000000000000000
111111111111111111111111111111111111111111111111111111111111111111111111111111000000000000000000000000000
111111111111111111111111111111111111111111111111111111111111111111111111111111100000000000000000000000000
111111111111111111111111111111111111111111111111111111111111111111111111111111110000000000000000000000000
111111111111111111111111111111111111111111111111111111111111111111111111111111111000000000000000000000000
111111111111111111111111111111111111111111111111111111111111111111111111111111111100000000000000000000000
111111111111111111111111111111111111111111111111111111111111111111111111111111111110000000000000000000000
111111111111111111111111111111111111111111111111111111111111111111111111111111111111000000000000000000000
111111111111111111111111111111111111111111111111111111111111111111111111111111111111100000000000000000000
111111111111111111111111111111111111111111111111111111111111111111111111111111111111110000000000000000000
111111111111111111111111111111111111111111111111111111111111111111111111111111111111111000000000000000000
111111111111111111111111111111111111111111111111111111111111111111111111111111111111111100000000000000000
111111111111111111111111111111111111111111111111111111111111111111111111111111111111111110000000000000000
111111111111111111111111111111111111111111111111111111111111111111111111111111111111111111000000000000000
111111111111111111111111111111111111111111111111111111111111111111111111111111111111111111100000000000000
62
72
44
79
79
52
73
82
77
70
29
46
90
40
60
80
49
44
24
47
13
31
18
6
24
23
79
72
80
17
42
13
43
32
46
70
16
39
12
19
23
29
16
27
11
31
56
55
59
23
18
68
68
66
46
46
52
49
63
84
64
24
16
11
28
37
59
70
45
31
37
47
30
89
79
59
78
83
87
84
27
23
50
14
53
55
75
40
17
81
45
86
70
83
70
84
12
28
59
64
