8
0000000000000000000000000000
1000000000000000000000000000
1100000000000000000000000000
1110000000000000000000000000
1111000000000000000000000000
1111100000000000000000000000
1111110000000000000000000000
1111111000000000000000000000
1111111100000000000000000000
1111111110000000000000000000
1111111111000000000000000000
1111111111100000000000000000
1111111111110000000000000000
1111111111111000000000000000
1111111111111100000000000000
1111111111111110000000000000
1111111111111111000000000000
1111111111111111100000000000
1111111111111111110000000000
1111111111111111111000000000
1111111111111111111100000000
1111111111111111111110000000
1111111111111111111111000000
1111111111111111111111100000
19
13
13
15
19
9
10
14
16
12
11
13
16
16
9
6
17
14
17
13
11
11
19
12
17
13
11
14
8
11
9
16
14
14
12
15
17
14
9
11
9
14
11
9
15
18
13
14
15
14
20
15
12
10
13
13
17
18
13
9
18
11
9
17
9
19
15
17
18
7
17
14
14
10
8
16
10
12
5
9
16
9
15
18
10
19
12
10
16
9
13
12
18
16
5
13
21
10
16
9
