5
0000000000
1000000000
1100000000
1000000100
1110000000
1100100000
1100010000
1100000001
1111000000
1110100000
1110001000
1100100001
1100010100
1100010010
1111100000
1110110000
1110101000
1110100001
1110001010
1100010011
1111110000
1111100001
9
13
13
9
1
9
13
2
9
12
13
13
13
17
18
13
10
4
17
17
21
10
18
6
21
6
16
21
20
21
9
9
18
20
1
21
6
16
20
15
21
21
10
9
6
14
10
1
21
6
21
2
21
8
1
18
2
5
10
16
17
10
13
21
9
21
19
21
21
20
18
13
20
6
18
17
21
14
21
21
2
9
13
7
6
16
21
21
9
21
10
11
15
21
12
21
9
10
18
17
