7
000000000000000000000
100000000000000000000
110000000000000000000
111000000000000000000
111100000000000000000
111110000000000000000
111111000000000000000
111111100000000000000
111111110000000000000
111111111000000000000
111111111100000000000
111111111110000000000
111111111111000000000
111111111111100000000
111111111111110000000
111111111111111000000
111111111111111100000
111111111111111110000
111111111111111111000
14
8
4
2
5
4
11
6
5
14
5
4
13
16
15
8
2
0
3
9
10
18
15
12
12
10
6
9
12
17
4
9
5
7
18
3
17
18
3
16
8
1
7
10
13
14
8
6
8
4
8
16
16
17
7
14
13
3
5
11
10
18
8
1
8
9
2
6
12
3
6
11
0
14
18
3
13
1
10
17
18
13
11
12
10
3
11
0
8
9
4
6
6
15
9
14
16
14
8
6
