7
000000000000000000000
100000000000000000000
110000000000000000000
111000000000000000000
111100000000000000000
111110000000000000000
111111000000000000000
111111100000000000000
111111110000000000000
111111111000000000000
111111111100000000000
111111111110000000000
111111111111000000000
111111111111100000000
111111111111110000000
111111111111111000000
111111111111111100000
111111111111111110000
111111111111111111000
11
8
12
8
12
16
11
18
12
2
0
5
8
3
6
1
3
3
10
13
13
2
7
5
5
13
3
7
3
12
6
16
6
15
14
7
13
15
9
4
17
14
12
2
9
9
2
9
7
13
3
12
13
17
14
5
10
8
4
0
4
10
5
18
5
9
11
0
13
9
17
7
13
13
6
13
3
13
5
7
11
2
15
3
3
9
6
18
0
2
6
7
7
2
18
12
4
9
6
5
