14
0000000000000000000000000000000000000000000000000000000000000000000000000000000000000000000
1000000000000000000000000000000000000000000000000000000000000000000000000000000000000000000
1100000000000000000000000000000000000000000000000000000000000000000000000000000000000000000
1110000000000000000000000000000000000000000000000000000000000000000000000000000000000000000
1111000000000000000000000000000000000000000000000000000000000000000000000000000000000000000
1111100000000000000000000000000000000000000000000000000000000000000000000000000000000000000
1111110000000000000000000000000000000000000000000000000000000000000000000000000000000000000
1111111000000000000000000000000000000000000000000000000000000000000000000000000000000000000
1111111100000000000000000000000000000000000000000000000000000000000000000000000000000000000
1111111110000000000000000000000000000000000000000000000000000000000000000000000000000000000
1111111111000000000000000000000000000000000000000000000000000000000000000000000000000000000
1111111111100000000000000000000000000000000000000000000000000000000000000000000000000000000
1111111111110000000000000000000000000000000000000000000000000000000000000000000000000000000
1111111111111000000000000000000000000000000000000000000000000000000000000000000000000000000
1111111111111100000000000000000000000000000000000000000000000000000000000000000000000000000
1111111111111110000000000000000000000000000000000000000000000000000000000000000000000000000
1111111111111111000000000000000000000000000000000000000000000000000000000000000000000000000
1111111111111111100000000000000000000000000000000000000000000000000000000000000000000000000
1111111111111111110000000000000000000000000000000000000000000000000000000000000000000000000
1111111111111111111000000000000000000000000000000000000000000000000000000000000000000000000
1111111111111111111100000000000000000000000000000000000000000000000000000000000000000000000
1111111111111111111110000000000000000000000000000000000000000000000000000000000000000000000
1111111111111111111111000000000000000000000000000000000000000000000000000000000000000000000
1111111111111111111111100000000000000000000000000000000000000000000000000000000000000000000
1111111111111111111111110000000000000000000000000000000000000000000000000000000000000000000
1111111111111111111111111000000000000000000000000000000000000000000000000000000000000000000
1111111111111111111111111100000000000000000000000000000000000000000000000000000000000000000
1111111111111111111111111110000000000000000000000000000000000000000000000000000000000000000
1111111111111111111111111111000000000000000000000000000000000000000000000000000000000000000
1111111111111111111111111111100000000000000000000000000000000000000000000000000000000000000
1111111111111111111111111111110000000000000000000000000000000000000000000000000000000000000
1111111111111111111111111111111000000000000000000000000000000000000000000000000000000000000
1111111111111111111111111111111100000000000000000000000000000000000000000000000000000000000
1111111111111111111111111111111110000000000000000000000000000000000000000000000000000000000
1111111111111111111111111111111111000000000000000000000000000000000000000000000000000000000
1111111111111111111111111111111111100000000000000000000000000000000000000000000000000000000
1111111111111111111111111111111111110000000000000000000000000000000000000000000000000000000
1111111111111111111111111111111111111000000000000000000000000000000000000000000000000000000
1111111111111111111111111111111111111100000000000000000000000000000000000000000000000000000
1111111111111111111111111111111111111110000000000000000000000000000000000000000000000000000
1111111111111111111111111111111111111111000000000000000000000000000000000000000000000000000
1111111111111111111111111111111111111111100000000000000000000000000000000000000000000000000
1111111111111111111111111111111111111111110000000000000000000000000000000000000000000000000
1111111111111111111111111111111111111111111000000000000000000000000000000000000000000000000
1111111111111111111111111111111111111111111100000000000000000000000000000000000000000000000
1111111111111111111111111111111111111111111110000000000000000000000000000000000000000000000
1111111111111111111111111111111111111111111111000000000000000000000000000000000000000000000
1111111111111111111111111111111111111111111111100000000000000000000000000000000000000000000
1111111111111111111111111111111111111111111111110000000000000000000000000000000000000000000
1111111111111111111111111111111111111111111111111000000000000000000000000000000000000000000
1111111111111111111111111111111111111111111111111100000000000000000000000000000000000000000
1111111111111111111111111111111111111111111111111110000000000000000000000000000000000000000
1111111111111111111111111111111111111111111111111111000000000000000000000000000000000000000
1111111111111111111111111111111111111111111111111111100000000000000000000000000000000000000
1111111111111111111111111111111111111111111111111111110000000000000000000000000000000000000
1111111111111111111111111111111111111111111111111111111000000000000000000000000000000000000
1111111111111111111111111111111111111111111111111111111100000000000000000000000000000000000
1111111111111111111111111111111111111111111111111111111110000000000000000000000000000000000
1111111111111111111111111111111111111111111111111111111111000000000000000000000000000000000
1111111111111111111111111111111111111111111111111111111111100000000000000000000000000000000
1111111111111111111111111111111111111111111111111111111111110000000000000000000000000000000
1111111111111111111111111111111111111111111111111111111111111000000000000000000000000000000
1111111111111111111111111111111111111111111111111111111111111100000000000000000000000000000
1111111111111111111111111111111111111111111111111111111111111110000000000000000000000000000
1111111111111111111111111111111111111111111111111111111111111111000000000000000000000000000
1111111111111111111111111111111111111111111111111111111111111111100000000000000000000000000
1111111111111111111111111111111111111111111111111111111111111111110000000000000000000000000
1111111111111111111111111111111111111111111111111111111111111111111000000000000000000000000
1111111111111111111111111111111111111111111111111111111111111111111100000000000000000000000
1111111111111111111111111111111111111111111111111111111111111111111110000000000000000000000
1111111111111111111111111111111111111111111111111111111111111111111111000000000000000000000
1111111111111111111111111111111111111111111111111111111111111111111111100000000000000000000
1111111111111111111111111111111111111111111111111111111111111111111111110000000000000000000
1111111111111111111111111111111111111111111111111111111111111111111111111000000000000000000
1111111111111111111111111111111111111111111111111111111111111111111111111100000000000000000
1111111111111111111111111111111111111111111111111111111111111111111111111110000000000000000
1111111111111111111111111111111111111111111111111111111111111111111111111111000000000000000
1111111111111111111111111111111111111111111111111111111111111111111111111111100000000000000
1111111111111111111111111111111111111111111111111111111111111111111111111111110000000000000
1111111111111111111111111111111111111111111111111111111111111111111111111111111000000000000
1111111111111111111111111111111111111111111111111111111111111111111111111111111100000000000
1111111111111111111111111111111111111111111111111111111111111111111111111111111110000000000
1111111111111111111111111111111111111111111111111111111111111111111111111111111111000000000
1111111111111111111111111111111111111111111111111111111111111111111111111111111111100000000
1111111111111111111111111111111111111111111111111111111111111111111111111111111111110000000
1111111111111111111111111111111111111111111111111111111111111111111111111111111111111000000
1111111111111111111111111111111111111111111111111111111111111111111111111111111111111100000
1111111111111111111111111111111111111111111111111111111111111111111111111111111111111110000
41
32
26
25
41
53
41
70
52
56
57
32
37
19
57
70
30
31
29
30
50
46
49
18
32
54
42
18
60
30
31
39
51
56
50
73
65
46
23
57
40
12
30
70
41
58
70
49
51
27
65
61
59
43
62
35
24
46
55
24
27
59
24
20
74
42
34
40
33
30
49
43
35
31
69
40
27
65
22
46
17
29
49
41
20
45
57
74
39
45
67
47
53
51
68
77
59
41
47
69
