8
0000000000000000000000000000
1000000000000000000000000000
1100000000000000000000000000
1110000000000000000000000000
1111000000000000000000000000
1111100000000000000000000000
1111110000000000000000000000
1111111000000000000000000000
1111111100000000000000000000
1111111110000000000000000000
1111111111000000000000000000
1111111111100000000000000000
1111111111110000000000000000
1111111111111000000000000000
1111111111111100000000000000
1111111111111110000000000000
1111111111111111000000000000
1111111111111111100000000000
1111111111111111110000000000
1111111111111111111000000000
1111111111111111111100000000
1111111111111111111110000000
1111111111111111111111000000
1111111111111111111111100000
1111111111111111111111110000
1111111111111111111111111000
1111111111111111111111111100
1111111111111111111111111110
24
4
20
20
5
17
6
6
13
20
13
6
25
17
19
19
11
19
11
16
1
8
23
20
18
8
21
11
17
23
6
20
14
23
4
15
9
17
7
14
12
16
20
19
1
3
5
18
16
23
5
13
13
7
21
5
6
15
15
9
1
8
11
15
8
22
13
11
21
16
11
10
19
11
8
8
14
7
25
9
4
15
26
4
6
7
23
21
25
11
11
17
7
15
20
24
6
9
4
15
