7
000000000000000000000
100000000000000000000
110000000000000000000
111000000000000000000
111100000000000000000
111110000000000000000
111111000000000000000
111111100000000000000
111111110000000000000
111111111000000000000
111111111100000000000
111111111110000000000
111111111111000000000
111111111111100000000
111111111111110000000
111111111111111000000
7
11
12
9
9
10
5
10
10
13
12
7
10
7
14
11
8
11
5
8
12
11
15
9
9
11
9
8
10
8
11
14
7
10
5
12
7
9
6
7
9
8
11
5
15
12
15
6
11
13
11
10
10
11
8
10
12
12
9
13
8
12
10
10
15
12
12
10
5
9
10
12
11
13
12
13
10
13
8
7
13
6
9
13
13
10
6
10
13
13
6
11
8
5
12
12
12
10
11
7
