6
000000000000000
100000000000000
110000000000000
100000000100000
111000000000000
110001000000000
110000100000000
110000000000100
100000000100001
111100000000000
111001000000000
111000010000000
111000000000001
110001000000100
110000100100000
110000100010000
110000100000001
110000000000110
111110000000000
111101000000000
111100001000000
111001100000000
111001010000000
111001000000100
111001000000001
111000011000000
111000010010000
111000010001000
111000010000001
110001000000110
110000100100001
110000100010100
110000100010010
111111000000000
111101100000000
111101001000000
111101000000100
111101000000010
111100001001000
111001100100000
111001100010000
111001100000001
111001010001000
111001010000100
111001010000010
111001000000110
111001000000101
111000011010000
111000010010100
111000010010010
111000010010001
111000010001001
110001000000111
110000100010011
111111100000000
111111000000100
111101110000000
111101101000000
111101100100000
111101100010000
111101100001000
111101100000001
52
6
30
35
50
0
10
16
12
46
61
7
51
49
27
54
33
1
17
44
0
21
17
61
27
51
61
32
41
61
17
38
47
1
16
2
10
61
61
41
57
45
40
60
61
46
13
37
58
47
3
54
42
42
1
61
2
44
4
61
28
11
18
44
10
40
26
22
4
51
61
39
13
53
21
45
15
2
27
44
61
34
24
61
36
3
3
35
59
2
1
18
20
21
44
7
11
3
35
49
