15
000000000000000000000000000000000000000000000000000000000000000000000000000000000000000000000000000000000
100000000000000000000000000000000000000000000000000000000000000000000000000000000000000000000000000000000
110000000000000000000000000000000000000000000000000000000000000000000000000000000000000000000000000000000
111000000000000000000000000000000000000000000000000000000000000000000000000000000000000000000000000000000
111100000000000000000000000000000000000000000000000000000000000000000000000000000000000000000000000000000
111110000000000000000000000000000000000000000000000000000000000000000000000000000000000000000000000000000
111111000000000000000000000000000000000000000000000000000000000000000000000000000000000000000000000000000
111111100000000000000000000000000000000000000000000000000000000000000000000000000000000000000000000000000
111111110000000000000000000000000000000000000000000000000000000000000000000000000000000000000000000000000
111111111000000000000000000000000000000000000000000000000000000000000000000000000000000000000000000000000
111111111100000000000000000000000000000000000000000000000000000000000000000000000000000000000000000000000
111111111110000000000000000000000000000000000000000000000000000000000000000000000000000000000000000000000
111111111111000000000000000000000000000000000000000000000000000000000000000000000000000000000000000000000
111111111111100000000000000000000000000000000000000000000000000000000000000000000000000000000000000000000
111111111111110000000000000000000000000000000000000000000000000000000000000000000000000000000000000000000
111111111111111000000000000000000000000000000000000000000000000000000000000000000000000000000000000000000
111111111111111100000000000000000000000000000000000000000000000000000000000000000000000000000000000000000
111111111111111110000000000000000000000000000000000000000000000000000000000000000000000000000000000000000
111111111111111111000000000000000000000000000000000000000000000000000000000000000000000000000000000000000
111111111111111111100000000000000000000000000000000000000000000000000000000000000000000000000000000000000
111111111111111111110000000000000000000000000000000000000000000000000000000000000000000000000000000000000
111111111111111111111000000000000000000000000000000000000000000000000000000000000000000000000000000000000
111111111111111111111100000000000000000000000000000000000000000000000000000000000000000000000000000000000
111111111111111111111110000000000000000000000000000000000000000000000000000000000000000000000000000000000
111111111111111111111111000000000000000000000000000000000000000000000000000000000000000000000000000000000
111111111111111111111111100000000000000000000000000000000000000000000000000000000000000000000000000000000
111111111111111111111111110000000000000000000000000000000000000000000000000000000000000000000000000000000
111111111111111111111111111000000000000000000000000000000000000000000000000000000000000000000000000000000
111111111111111111111111111100000000000000000000000000000000000000000000000000000000000000000000000000000
111111111111111111111111111110000000000000000000000000000000000000000000000000000000000000000000000000000
111111111111111111111111111111000000000000000000000000000000000000000000000000000000000000000000000000000
111111111111111111111111111111100000000000000000000000000000000000000000000000000000000000000000000000000
111111111111111111111111111111110000000000000000000000000000000000000000000000000000000000000000000000000
111111111111111111111111111111111000000000000000000000000000000000000000000000000000000000000000000000000
111111111111111111111111111111111100000000000000000000000000000000000000000000000000000000000000000000000
111111111111111111111111111111111110000000000000000000000000000000000000000000000000000000000000000000000
111111111111111111111111111111111111000000000000000000000000000000000000000000000000000000000000000000000
111111111111111111111111111111111111100000000000000000000000000000000000000000000000000000000000000000000
111111111111111111111111111111111111110000000000000000000000000000000000000000000000000000000000000000000
111111111111111111111111111111111111111000000000000000000000000000000000000000000000000000000000000000000
111111111111111111111111111111111111111100000000000000000000000000000000000000000000000000000000000000000
111111111111111111111111111111111111111110000000000000000000000000000000000000000000000000000000000000000
111111111111111111111111111111111111111111000000000000000000000000000000000000000000000000000000000000000
111111111111111111111111111111111111111111100000000000000000000000000000000000000000000000000000000000000
111111111111111111111111111111111111111111110000000000000000000000000000000000000000000000000000000000000
111111111111111111111111111111111111111111111000000000000000000000000000000000000000000000000000000000000
111111111111111111111111111111111111111111111100000000000000000000000000000000000000000000000000000000000
111111111111111111111111111111111111111111111110000000000000000000000000000000000000000000000000000000000
111111111111111111111111111111111111111111111111000000000000000000000000000000000000000000000000000000000
111111111111111111111111111111111111111111111111100000000000000000000000000000000000000000000000000000000
111111111111111111111111111111111111111111111111110000000000000000000000000000000000000000000000000000000
111111111111111111111111111111111111111111111111111000000000000000000000000000000000000000000000000000000
111111111111111111111111111111111111111111111111111100000000000000000000000000000000000000000000000000000
111111111111111111111111111111111111111111111111111110000000000000000000000000000000000000000000000000000
111111111111111111111111111111111111111111111111111111000000000000000000000000000000000000000000000000000
111111111111111111111111111111111111111111111111111111100000000000000000000000000000000000000000000000000
111111111111111111111111111111111111111111111111111111110000000000000000000000000000000000000000000000000
111111111111111111111111111111111111111111111111111111111000000000000000000000000000000000000000000000000
111111111111111111111111111111111111111111111111111111111100000000000000000000000000000000000000000000000
111111111111111111111111111111111111111111111111111111111110000000000000000000000000000000000000000000000
111111111111111111111111111111111111111111111111111111111111000000000000000000000000000000000000000000000
111111111111111111111111111111111111111111111111111111111111100000000000000000000000000000000000000000000
111111111111111111111111111111111111111111111111111111111111110000000000000000000000000000000000000000000
111111111111111111111111111111111111111111111111111111111111111000000000000000000000000000000000000000000
111111111111111111111111111111111111111111111111111111111111111100000000000000000000000000000000000000000
111111111111111111111111111111111111111111111111111111111111111110000000000000000000000000000000000000000
111111111111111111111111111111111111111111111111111111111111111111000000000000000000000000000000000000000
111111111111111111111111111111111111111111111111111111111111111111100000000000000000000000000000000000000
111111111111111111111111111111111111111111111111111111111111111111110000000000000000000000000000000000000
111111111111111111111111111111111111111111111111111111111111111111111000000000000000000000000000000000000
111111111111111111111111111111111111111111111111111111111111111111111100000000000000000000000000000000000
111111111111111111111111111111111111111111111111111111111111111111111110000000000000000000000000000000000
111111111111111111111111111111111111111111111111111111111111111111111111000000000000000000000000000000000
111111111111111111111111111111111111111111111111111111111111111111111111100000000000000000000000000000000
111111111111111111111111111111111111111111111111111111111111111111111111110000000000000000000000000000000
111111111111111111111111111111111111111111111111111111111111111111111111111000000000000000000000000000000
111111111111111111111111111111111111111111111111111111111111111111111111111100000000000000000000000000000
111111111111111111111111111111111111111111111111111111111111111111111111111110000000000000000000000000000
111111111111111111111111111111111111111111111111111111111111111111111111111111000000000000000000000000000
111111111111111111111111111111111111111111111111111111111111111111111111111111100000000000000000000000000
111111111111111111111111111111111111111111111111111111111111111111111111111111110000000000000000000000000
111111111111111111111111111111111111111111111111111111111111111111111111111111111000000000000000000000000
111111111111111111111111111111111111111111111111111111111111111111111111111111111100000000000000000000000
111111111111111111111111111111111111111111111111111111111111111111111111111111111110000000000000000000000
111111111111111111111111111111111111111111111111111111111111111111111111111111111111000000000000000000000
111111111111111111111111111111111111111111111111111111111111111111111111111111111111100000000000000000000
111111111111111111111111111111111111111111111111111111111111111111111111111111111111110000000000000000000
111111111111111111111111111111111111111111111111111111111111111111111111111111111111111000000000000000000
111111111111111111111111111111111111111111111111111111111111111111111111111111111111111100000000000000000
111111111111111111111111111111111111111111111111111111111111111111111111111111111111111110000000000000000
111111111111111111111111111111111111111111111111111111111111111111111111111111111111111111000000000000000
111111111111111111111111111111111111111111111111111111111111111111111111111111111111111111100000000000000
111111111111111111111111111111111111111111111111111111111111111111111111111111111111111111110000000000000
111111111111111111111111111111111111111111111111111111111111111111111111111111111111111111111000000000000
111111111111111111111111111111111111111111111111111111111111111111111111111111111111111111111100000000000
111111111111111111111111111111111111111111111111111111111111111111111111111111111111111111111110000000000
111111111111111111111111111111111111111111111111111111111111111111111111111111111111111111111111000000000
47
45
71
41
9
36
13
30
82
22
39
39
30
73
13
67
29
59
65
12
22
51
68
12
15
23
44
70
22
18
24
50
27
64
81
27
40
32
12
38
29
23
86
33
9
50
34
64
89
55
33
22
64
92
60
44
86
63
30
68
18
70
70
69
62
41
25
16
44
21
9
56
4
47
43
50
17
27
36
48
64
38
81
33
22
16
74
40
15
7
23
33
18
28
25
41
59
32
30
67
