8
0000000000000000000000000000
1000000000000000000000000000
1100000000000000000000000000
1110000000000000000000000000
1111000000000000000000000000
1111100000000000000000000000
1111110000000000000000000000
1111111000000000000000000000
1111111100000000000000000000
1111111110000000000000000000
1111111111000000000000000000
1111111111100000000000000000
1111111111110000000000000000
1111111111111000000000000000
1111111111111100000000000000
1111111111111110000000000000
1111111111111111000000000000
1111111111111111100000000000
1111111111111111110000000000
1111111111111111111000000000
1111111111111111111100000000
1111111111111111111110000000
16
11
13
13
6
11
14
16
11
8
12
12
16
14
10
13
11
16
6
6
15
15
14
16
14
15
14
11
10
10
9
9
16
7
15
9
14
13
10
15
12
11
18
16
13
15
9
14
14
13
11
14
11
11
12
6
16
15
14
10
14
10
10
16
6
10
12
6
10
11
16
11
8
13
13
12
17
10
13
12
15
14
10
13
15
13
12
16
14
10
11
12
16
17
19
17
10
15
13
12
