5
0000000000
1000000000
1100000000
1000000100
1110000000
1100100000
1100010000
1100000001
1111000000
1110100000
1110001000
1100100001
1100010100
1100010010
1111100000
1110110000
1110101000
1110100001
1110001010
1100010011
1111110000
1111100001
1110110100
1110110010
1110101001
1110001011
1111111000
3
26
16
3
13
6
16
15
13
24
6
15
7
2
18
14
26
16
5
23
17
17
26
16
24
26
26
20
18
26
6
17
26
15
2
26
16
10
24
26
17
10
14
9
16
14
9
24
19
21
6
16
6
24
20
26
16
10
9
15
7
6
8
26
18
16
14
9
26
24
24
9
18
23
21
21
23
20
26
21
17
5
13
26
16
18
9
17
23
14
25
17
26
26
20
9
21
10
9
11
