5
0000000000
1000000000
1100000000
1000000100
1110000000
1100100000
1100010000
1100000001
1111000000
1110100000
1110001000
1100100001
1100010100
1100010010
1111100000
1110110000
1110101000
1110100001
1110001010
1100010011
1111110000
1111100001
1110110100
1110110010
14
9
14
23
6
2
19
23
2
18
13
9
23
20
2
23
2
16
16
10
20
13
15
9
16
18
11
23
23
6
23
23
9
18
23
1
23
23
23
13
23
2
9
9
5
18
13
23
13
3
5
13
3
4
9
16
16
0
15
23
16
13
17
23
13
23
16
10
23
13
23
13
10
10
20
7
23
9
13
3
14
3
18
23
23
6
12
21
9
6
10
18
15
9
18
4
23
23
18
16
