15
000000000000000000000000000000000000000000000000000000000000000000000000000000000000000000000000000000000
100000000000000000000000000000000000000000000000000000000000000000000000000000000000000000000000000000000
110000000000000000000000000000000000000000000000000000000000000000000000000000000000000000000000000000000
111000000000000000000000000000000000000000000000000000000000000000000000000000000000000000000000000000000
111100000000000000000000000000000000000000000000000000000000000000000000000000000000000000000000000000000
111110000000000000000000000000000000000000000000000000000000000000000000000000000000000000000000000000000
111111000000000000000000000000000000000000000000000000000000000000000000000000000000000000000000000000000
111111100000000000000000000000000000000000000000000000000000000000000000000000000000000000000000000000000
111111110000000000000000000000000000000000000000000000000000000000000000000000000000000000000000000000000
111111111000000000000000000000000000000000000000000000000000000000000000000000000000000000000000000000000
111111111100000000000000000000000000000000000000000000000000000000000000000000000000000000000000000000000
111111111110000000000000000000000000000000000000000000000000000000000000000000000000000000000000000000000
111111111111000000000000000000000000000000000000000000000000000000000000000000000000000000000000000000000
111111111111100000000000000000000000000000000000000000000000000000000000000000000000000000000000000000000
111111111111110000000000000000000000000000000000000000000000000000000000000000000000000000000000000000000
111111111111111000000000000000000000000000000000000000000000000000000000000000000000000000000000000000000
111111111111111100000000000000000000000000000000000000000000000000000000000000000000000000000000000000000
111111111111111110000000000000000000000000000000000000000000000000000000000000000000000000000000000000000
111111111111111111000000000000000000000000000000000000000000000000000000000000000000000000000000000000000
111111111111111111100000000000000000000000000000000000000000000000000000000000000000000000000000000000000
111111111111111111110000000000000000000000000000000000000000000000000000000000000000000000000000000000000
111111111111111111111000000000000000000000000000000000000000000000000000000000000000000000000000000000000
111111111111111111111100000000000000000000000000000000000000000000000000000000000000000000000000000000000
111111111111111111111110000000000000000000000000000000000000000000000000000000000000000000000000000000000
111111111111111111111111000000000000000000000000000000000000000000000000000000000000000000000000000000000
111111111111111111111111100000000000000000000000000000000000000000000000000000000000000000000000000000000
111111111111111111111111110000000000000000000000000000000000000000000000000000000000000000000000000000000
111111111111111111111111111000000000000000000000000000000000000000000000000000000000000000000000000000000
111111111111111111111111111100000000000000000000000000000000000000000000000000000000000000000000000000000
111111111111111111111111111110000000000000000000000000000000000000000000000000000000000000000000000000000
111111111111111111111111111111000000000000000000000000000000000000000000000000000000000000000000000000000
111111111111111111111111111111100000000000000000000000000000000000000000000000000000000000000000000000000
111111111111111111111111111111110000000000000000000000000000000000000000000000000000000000000000000000000
111111111111111111111111111111111000000000000000000000000000000000000000000000000000000000000000000000000
111111111111111111111111111111111100000000000000000000000000000000000000000000000000000000000000000000000
111111111111111111111111111111111110000000000000000000000000000000000000000000000000000000000000000000000
111111111111111111111111111111111111000000000000000000000000000000000000000000000000000000000000000000000
111111111111111111111111111111111111100000000000000000000000000000000000000000000000000000000000000000000
111111111111111111111111111111111111110000000000000000000000000000000000000000000000000000000000000000000
111111111111111111111111111111111111111000000000000000000000000000000000000000000000000000000000000000000
111111111111111111111111111111111111111100000000000000000000000000000000000000000000000000000000000000000
111111111111111111111111111111111111111110000000000000000000000000000000000000000000000000000000000000000
111111111111111111111111111111111111111111000000000000000000000000000000000000000000000000000000000000000
111111111111111111111111111111111111111111100000000000000000000000000000000000000000000000000000000000000
111111111111111111111111111111111111111111110000000000000000000000000000000000000000000000000000000000000
111111111111111111111111111111111111111111111000000000000000000000000000000000000000000000000000000000000
111111111111111111111111111111111111111111111100000000000000000000000000000000000000000000000000000000000
111111111111111111111111111111111111111111111110000000000000000000000000000000000000000000000000000000000
111111111111111111111111111111111111111111111111000000000000000000000000000000000000000000000000000000000
111111111111111111111111111111111111111111111111100000000000000000000000000000000000000000000000000000000
111111111111111111111111111111111111111111111111110000000000000000000000000000000000000000000000000000000
111111111111111111111111111111111111111111111111111000000000000000000000000000000000000000000000000000000
111111111111111111111111111111111111111111111111111100000000000000000000000000000000000000000000000000000
111111111111111111111111111111111111111111111111111110000000000000000000000000000000000000000000000000000
111111111111111111111111111111111111111111111111111111000000000000000000000000000000000000000000000000000
111111111111111111111111111111111111111111111111111111100000000000000000000000000000000000000000000000000
111111111111111111111111111111111111111111111111111111110000000000000000000000000000000000000000000000000
111111111111111111111111111111111111111111111111111111111000000000000000000000000000000000000000000000000
111111111111111111111111111111111111111111111111111111111100000000000000000000000000000000000000000000000
111111111111111111111111111111111111111111111111111111111110000000000000000000000000000000000000000000000
111111111111111111111111111111111111111111111111111111111111000000000000000000000000000000000000000000000
111111111111111111111111111111111111111111111111111111111111100000000000000000000000000000000000000000000
111111111111111111111111111111111111111111111111111111111111110000000000000000000000000000000000000000000
111111111111111111111111111111111111111111111111111111111111111000000000000000000000000000000000000000000
111111111111111111111111111111111111111111111111111111111111111100000000000000000000000000000000000000000
111111111111111111111111111111111111111111111111111111111111111110000000000000000000000000000000000000000
111111111111111111111111111111111111111111111111111111111111111111000000000000000000000000000000000000000
111111111111111111111111111111111111111111111111111111111111111111100000000000000000000000000000000000000
111111111111111111111111111111111111111111111111111111111111111111110000000000000000000000000000000000000
111111111111111111111111111111111111111111111111111111111111111111111000000000000000000000000000000000000
111111111111111111111111111111111111111111111111111111111111111111111100000000000000000000000000000000000
111111111111111111111111111111111111111111111111111111111111111111111110000000000000000000000000000000000
111111111111111111111111111111111111111111111111111111111111111111111111000000000000000000000000000000000
111111111111111111111111111111111111111111111111111111111111111111111111100000000000000000000000000000000
111111111111111111111111111111111111111111111111111111111111111111111111110000000000000000000000000000000
111111111111111111111111111111111111111111111111111111111111111111111111111000000000000000000000000000000
111111111111111111111111111111111111111111111111111111111111111111111111111100000000000000000000000000000
111111111111111111111111111111111111111111111111111111111111111111111111111110000000000000000000000000000
111111111111111111111111111111111111111111111111111111111111111111111111111111000000000000000000000000000
111111111111111111111111111111111111111111111111111111111111111111111111111111100000000000000000000000000
111111111111111111111111111111111111111111111111111111111111111111111111111111110000000000000000000000000
111111111111111111111111111111111111111111111111111111111111111111111111111111111000000000000000000000000
111111111111111111111111111111111111111111111111111111111111111111111111111111111100000000000000000000000
111111111111111111111111111111111111111111111111111111111111111111111111111111111110000000000000000000000
111111111111111111111111111111111111111111111111111111111111111111111111111111111111000000000000000000000
111111111111111111111111111111111111111111111111111111111111111111111111111111111111100000000000000000000
111111111111111111111111111111111111111111111111111111111111111111111111111111111111110000000000000000000
111111111111111111111111111111111111111111111111111111111111111111111111111111111111111000000000000000000
111111111111111111111111111111111111111111111111111111111111111111111111111111111111111100000000000000000
111111111111111111111111111111111111111111111111111111111111111111111111111111111111111110000000000000000
111111111111111111111111111111111111111111111111111111111111111111111111111111111111111111000000000000000
111111111111111111111111111111111111111111111111111111111111111111111111111111111111111111100000000000000
111111111111111111111111111111111111111111111111111111111111111111111111111111111111111111110000000000000
111111111111111111111111111111111111111111111111111111111111111111111111111111111111111111111000000000000
26
29
59
71
73
39
16
35
61
62
65
30
78
24
61
31
25
45
33
66
57
40
68
20
78
27
56
51
44
20
79
86
71
26
28
20
25
86
56
28
33
18
57
65
70
38
68
24
15
31
38
68
33
24
14
33
31
48
60
67
74
24
79
73
41
28
55
66
27
35
66
46
58
50
67
55
11
73
27
35
22
65
28
33
54
22
17
67
50
40
62
39
37
52
35
48
78
45
44
79
