6
000000000000000
100000000000000
110000000000000
100000000100000
111000000000000
110001000000000
110000100000000
110000000000100
100000000100001
111100000000000
111001000000000
111000010000000
111000000000001
110001000000100
110000100100000
110000100010000
110000100000001
110000000000110
111110000000000
111101000000000
111100001000000
111001100000000
111001010000000
111001000000100
111001000000001
111000011000000
111000010010000
111000010001000
111000010000001
110001000000110
110000100100001
110000100010100
110000100010010
111111000000000
111101100000000
111101001000000
111101000000100
111101000000010
111100001001000
111001100100000
111001100010000
111001100000001
111001010001000
111001010000100
111001010000010
111001000000110
111001000000101
111000011010000
111000010010100
111000010010010
111000010010001
111000010001001
110001000000111
110000100010011
111111100000000
111111000000100
111101110000000
111101101000000
111101100100000
111101100010000
111101100001000
111101100000001
111101001001000
111101001000100
111101001000010
111101000000011
111100001001010
111001100100001
111001100010100
60
60
68
51
68
68
68
68
68
68
28
37
40
68
68
68
68
13
41
68
51
32
68
19
60
10
51
15
32
34
68
51
42
62
64
43
68
68
3
63
68
17
38
68
68
10
68
68
68
7
63
68
68
68
49
60
60
10
44
6
68
68
62
68
7
68
27
68
68
49
68
68
38
11
63
17
68
68
59
8
68
34
62
11
61
7
5
68
27
68
40
28
44
68
68
30
68
64
12
68
