5
0000000000
1000000000
1100000000
1000000100
1110000000
1100100000
1100010000
1100000001
1111000000
1110100000
1110001000
1100100001
1100010100
1100010010
1111100000
1110110000
1110101000
1110100001
1110001010
1100010011
1111110000
1111100001
1110110100
1110110010
1110101001
1110001011
1111111000
1111110100
1111110010
1110110011
4
28
28
20
2
3
3
13
23
29
18
16
23
9
20
6
2
23
16
10
24
16
3
16
18
24
2
9
13
13
1
9
9
20
25
2
7
28
9
28
24
10
13
14
9
2
18
23
5
21
17
23
29
6
18
10
21
24
20
13
15
20
13
15
18
9
2
14
23
17
17
14
6
2
17
16
16
3
6
24
14
20
13
18
4
6
14
29
17
7
27
10
9
16
9
15
20
15
23
29
