9
000000000000000000000000000000000000
100000000000000000000000000000000000
110000000000000000000000000000000000
111000000000000000000000000000000000
111100000000000000000000000000000000
111110000000000000000000000000000000
111111000000000000000000000000000000
111111100000000000000000000000000000
111111110000000000000000000000000000
111111111000000000000000000000000000
111111111100000000000000000000000000
111111111110000000000000000000000000
111111111111000000000000000000000000
111111111111100000000000000000000000
111111111111110000000000000000000000
111111111111111000000000000000000000
111111111111111100000000000000000000
111111111111111110000000000000000000
111111111111111111000000000000000000
111111111111111111100000000000000000
111111111111111111110000000000000000
111111111111111111111000000000000000
111111111111111111111100000000000000
111111111111111111111110000000000000
111111111111111111111111000000000000
111111111111111111111111100000000000
111111111111111111111111110000000000
111111111111111111111111111000000000
111111111111111111111111111100000000
111111111111111111111111111110000000
111111111111111111111111111111000000
111111111111111111111111111111100000
111111111111111111111111111111110000
22
12
19
14
20
18
18
15
12
11
7
11
19
18
17
13
13
18
19
14
31
15
21
16
19
16
11
16
22
19
13
18
13
9
19
18
18
12
19
19
21
23
14
23
9
20
16
10
16
20
15
26
13
22
14
14
24
24
26
22
23
19
11
16
25
20
19
15
14
25
23
19
15
7
19
11
9
27
10
12
22
7
18
30
12
12
21
25
26
18
15
13
13
27
10
19
16
10
22
21
