7
000000000000000000000
100000000000000000000
110000000000000000000
111000000000000000000
111100000000000000000
111110000000000000000
111111000000000000000
111111100000000000000
111111110000000000000
111111111000000000000
111111111100000000000
111111111110000000000
111111111111000000000
111111111111100000000
111111111111110000000
111111111111111000000
111111111111111100000
10
9
9
4
15
9
7
10
7
11
6
8
11
14
16
8
12
7
9
7
9
7
10
10
11
6
8
8
9
7
9
10
8
13
6
9
10
8
11
9
13
16
4
6
11
8
8
11
11
9
13
11
4
7
12
9
10
13
12
11
6
8
13
14
7
11
8
8
9
14
12
12
8
10
9
10
8
8
8
14
11
9
11
10
5
8
11
12
5
10
9
6
7
15
12
10
10
8
9
6
