5
0000000000
1000000000
1100000000
1000000100
1110000000
1100100000
1100010000
1100000001
1111000000
1110100000
1110001000
1100100001
1100010100
1100010010
1111100000
1110110000
1110101000
1110100001
1110001010
1100010011
1111110000
1111100001
1110110100
1110110010
1110101001
20
4
9
2
7
16
9
16
13
11
9
15
16
17
24
13
23
6
4
23
18
17
6
6
1
10
24
16
24
20
18
3
8
20
7
18
24
23
6
21
2
16
9
7
9
11
24
8
3
24
0
21
5
13
16
20
2
23
6
21
17
24
24
15
16
14
13
24
9
16
14
20
7
17
6
9
18
20
24
17
23
24
6
16
6
5
2
3
13
1
9
7
18
7
9
9
18
13
2
24
