8
0000000000000000000000000000
1000000000000000000000000000
1100000000000000000000000000
1110000000000000000000000000
1111000000000000000000000000
1111100000000000000000000000
1111110000000000000000000000
1111111000000000000000000000
1111111100000000000000000000
1111111110000000000000000000
1111111111000000000000000000
1111111111100000000000000000
1111111111110000000000000000
1111111111111000000000000000
1111111111111100000000000000
1111111111111110000000000000
1111111111111111000000000000
1111111111111111100000000000
1111111111111111110000000000
1111111111111111111000000000
1111111111111111111100000000
1111111111111111111110000000
1111111111111111111111000000
1111111111111111111111100000
1111111111111111111111110000
1111111111111111111111111000
1111111111111111111111111100
15
13
13
15
11
21
18
15
13
20
18
11
17
10
12
10
14
21
17
19
10
14
11
11
13
12
11
18
16
11
13
17
12
12
15
16
20
13
13
13
13
12
16
13
14
20
11
11
18
6
16
15
11
16
15
16
17
15
15
10
5
13
8
5
19
14
17
15
12
14
8
16
16
14
15
11
9
16
9
8
14
9
14
11
12
11
8
12
10
14
11
14
8
9
8
12
16
15
14
6
