9
000000000000000000000000000000000000
100000000000000000000000000000000000
110000000000000000000000000000000000
111000000000000000000000000000000000
111100000000000000000000000000000000
111110000000000000000000000000000000
111111000000000000000000000000000000
111111100000000000000000000000000000
111111110000000000000000000000000000
111111111000000000000000000000000000
111111111100000000000000000000000000
111111111110000000000000000000000000
111111111111000000000000000000000000
111111111111100000000000000000000000
111111111111110000000000000000000000
111111111111111000000000000000000000
111111111111111100000000000000000000
111111111111111110000000000000000000
111111111111111111000000000000000000
111111111111111111100000000000000000
111111111111111111110000000000000000
111111111111111111111000000000000000
111111111111111111111100000000000000
111111111111111111111110000000000000
111111111111111111111111000000000000
111111111111111111111111100000000000
111111111111111111111111110000000000
111111111111111111111111111000000000
111111111111111111111111111100000000
111111111111111111111111111110000000
111111111111111111111111111111000000
111111111111111111111111111111100000
111111111111111111111111111111110000
111111111111111111111111111111111000
17
20
18
22
13
17
17
23
14
18
22
25
21
16
13
10
14
18
12
19
22
21
16
18
16
23
16
14
13
22
22
13
11
18
13
19
26
17
21
20
24
23
22
7
9
25
11
22
16
18
11
9
21
16
18
14
17
22
13
20
25
20
12
26
11
22
14
17
12
21
15
20
23
13
23
20
14
16
9
10
12
19
14
17
6
17
16
23
26
26
17
13
24
15
11
17
24
17
14
13
