5
0000000000
1000000000
1100000000
1000000100
1110000000
1100100000
1100010000
1100000001
1111000000
1110100000
1110001000
1100100001
1100010100
1100010010
1111100000
1110110000
1110101000
1110100001
1110001010
1100010011
1111110000
1111100001
1110110100
1110110010
1110101001
1110001011
1111111000
1111110100
1111110010
13
3
4
15
15
8
10
28
22
2
28
28
10
7
11
14
28
27
4
16
18
14
20
24
13
20
19
18
24
13
12
23
26
18
20
13
3
16
14
14
1
27
13
26
28
16
27
16
3
20
10
28
28
7
13
15
25
7
20
20
20
10
1
22
5
22
28
2
0
2
28
26
11
5
10
28
20
18
3
28
21
14
16
18
17
28
18
17
10
24
11
16
11
9
12
10
28
6
24
18
