11
0000000000000000000000000000000000000000000000000000000
1000000000000000000000000000000000000000000000000000000
1100000000000000000000000000000000000000000000000000000
1110000000000000000000000000000000000000000000000000000
1111000000000000000000000000000000000000000000000000000
1111100000000000000000000000000000000000000000000000000
1111110000000000000000000000000000000000000000000000000
1111111000000000000000000000000000000000000000000000000
1111111100000000000000000000000000000000000000000000000
1111111110000000000000000000000000000000000000000000000
1111111111000000000000000000000000000000000000000000000
1111111111100000000000000000000000000000000000000000000
1111111111110000000000000000000000000000000000000000000
1111111111111000000000000000000000000000000000000000000
1111111111111100000000000000000000000000000000000000000
1111111111111110000000000000000000000000000000000000000
1111111111111111000000000000000000000000000000000000000
1111111111111111100000000000000000000000000000000000000
1111111111111111110000000000000000000000000000000000000
1111111111111111111000000000000000000000000000000000000
1111111111111111111100000000000000000000000000000000000
1111111111111111111110000000000000000000000000000000000
1111111111111111111111000000000000000000000000000000000
1111111111111111111111100000000000000000000000000000000
1111111111111111111111110000000000000000000000000000000
1111111111111111111111111000000000000000000000000000000
1111111111111111111111111100000000000000000000000000000
1111111111111111111111111110000000000000000000000000000
1111111111111111111111111111000000000000000000000000000
1111111111111111111111111111100000000000000000000000000
1111111111111111111111111111110000000000000000000000000
1111111111111111111111111111111000000000000000000000000
1111111111111111111111111111111100000000000000000000000
1111111111111111111111111111111110000000000000000000000
1111111111111111111111111111111111000000000000000000000
1111111111111111111111111111111111100000000000000000000
1111111111111111111111111111111111110000000000000000000
1111111111111111111111111111111111111000000000000000000
1111111111111111111111111111111111111100000000000000000
1111111111111111111111111111111111111110000000000000000
1111111111111111111111111111111111111111000000000000000
1111111111111111111111111111111111111111100000000000000
1111111111111111111111111111111111111111110000000000000
1111111111111111111111111111111111111111111000000000000
1111111111111111111111111111111111111111111100000000000
1111111111111111111111111111111111111111111110000000000
1111111111111111111111111111111111111111111111000000000
1111111111111111111111111111111111111111111111100000000
1111111111111111111111111111111111111111111111110000000
1111111111111111111111111111111111111111111111111000000
1111111111111111111111111111111111111111111111111100000
1111111111111111111111111111111111111111111111111110000
1111111111111111111111111111111111111111111111111111000
40
34
29
20
34
31
30
48
9
9
44
3
20
22
21
18
23
17
30
37
14
38
16
23
13
24
29
2
38
46
16
16
44
34
10
7
4
38
8
2
40
37
41
33
7
30
40
19
2
30
47
15
36
13
19
12
26
22
5
25
32
24
12
27
43
2
21
34
8
39
33
15
11
36
32
7
36
6
16
27
30
3
20
4
27
20
35
31
41
35
7
12
21
26
4
29
37
38
38
31
