8
0000000000000000000000000000
1000000000000000000000000000
1100000000000000000000000000
1110000000000000000000000000
1111000000000000000000000000
1111100000000000000000000000
1111110000000000000000000000
1111111000000000000000000000
1111111100000000000000000000
1111111110000000000000000000
1111111111000000000000000000
1111111111100000000000000000
1111111111110000000000000000
1111111111111000000000000000
1111111111111100000000000000
1111111111111110000000000000
1111111111111111000000000000
1111111111111111100000000000
1111111111111111110000000000
1111111111111111111000000000
1111111111111111111100000000
1111111111111111111110000000
1111111111111111111111000000
1111111111111111111111100000
1111111111111111111111110000
4
6
9
17
8
13
9
12
10
8
16
13
5
12
19
7
10
10
16
4
9
14
7
22
7
12
10
8
21
13
18
9
22
4
12
10
14
21
9
6
18
12
18
10
13
18
16
16
8
20
16
17
12
17
9
21
9
8
13
16
16
11
14
11
22
2
23
12
7
20
19
12
22
11
12
16
20
22
10
22
5
21
18
9
17
6
6
18
13
13
13
14
16
11
14
15
14
10
14
5
