14
0000000000000000000000000000000000000000000000000000000000000000000000000000000000000000000
1000000000000000000000000000000000000000000000000000000000000000000000000000000000000000000
1100000000000000000000000000000000000000000000000000000000000000000000000000000000000000000
1110000000000000000000000000000000000000000000000000000000000000000000000000000000000000000
1111000000000000000000000000000000000000000000000000000000000000000000000000000000000000000
1111100000000000000000000000000000000000000000000000000000000000000000000000000000000000000
1111110000000000000000000000000000000000000000000000000000000000000000000000000000000000000
1111111000000000000000000000000000000000000000000000000000000000000000000000000000000000000
1111111100000000000000000000000000000000000000000000000000000000000000000000000000000000000
1111111110000000000000000000000000000000000000000000000000000000000000000000000000000000000
1111111111000000000000000000000000000000000000000000000000000000000000000000000000000000000
1111111111100000000000000000000000000000000000000000000000000000000000000000000000000000000
1111111111110000000000000000000000000000000000000000000000000000000000000000000000000000000
1111111111111000000000000000000000000000000000000000000000000000000000000000000000000000000
1111111111111100000000000000000000000000000000000000000000000000000000000000000000000000000
1111111111111110000000000000000000000000000000000000000000000000000000000000000000000000000
1111111111111111000000000000000000000000000000000000000000000000000000000000000000000000000
1111111111111111100000000000000000000000000000000000000000000000000000000000000000000000000
1111111111111111110000000000000000000000000000000000000000000000000000000000000000000000000
1111111111111111111000000000000000000000000000000000000000000000000000000000000000000000000
1111111111111111111100000000000000000000000000000000000000000000000000000000000000000000000
1111111111111111111110000000000000000000000000000000000000000000000000000000000000000000000
1111111111111111111111000000000000000000000000000000000000000000000000000000000000000000000
1111111111111111111111100000000000000000000000000000000000000000000000000000000000000000000
1111111111111111111111110000000000000000000000000000000000000000000000000000000000000000000
1111111111111111111111111000000000000000000000000000000000000000000000000000000000000000000
1111111111111111111111111100000000000000000000000000000000000000000000000000000000000000000
1111111111111111111111111110000000000000000000000000000000000000000000000000000000000000000
1111111111111111111111111111000000000000000000000000000000000000000000000000000000000000000
1111111111111111111111111111100000000000000000000000000000000000000000000000000000000000000
1111111111111111111111111111110000000000000000000000000000000000000000000000000000000000000
1111111111111111111111111111111000000000000000000000000000000000000000000000000000000000000
1111111111111111111111111111111100000000000000000000000000000000000000000000000000000000000
1111111111111111111111111111111110000000000000000000000000000000000000000000000000000000000
1111111111111111111111111111111111000000000000000000000000000000000000000000000000000000000
1111111111111111111111111111111111100000000000000000000000000000000000000000000000000000000
1111111111111111111111111111111111110000000000000000000000000000000000000000000000000000000
1111111111111111111111111111111111111000000000000000000000000000000000000000000000000000000
1111111111111111111111111111111111111100000000000000000000000000000000000000000000000000000
1111111111111111111111111111111111111110000000000000000000000000000000000000000000000000000
1111111111111111111111111111111111111111000000000000000000000000000000000000000000000000000
1111111111111111111111111111111111111111100000000000000000000000000000000000000000000000000
1111111111111111111111111111111111111111110000000000000000000000000000000000000000000000000
1111111111111111111111111111111111111111111000000000000000000000000000000000000000000000000
1111111111111111111111111111111111111111111100000000000000000000000000000000000000000000000
1111111111111111111111111111111111111111111110000000000000000000000000000000000000000000000
1111111111111111111111111111111111111111111111000000000000000000000000000000000000000000000
1111111111111111111111111111111111111111111111100000000000000000000000000000000000000000000
1111111111111111111111111111111111111111111111110000000000000000000000000000000000000000000
1111111111111111111111111111111111111111111111111000000000000000000000000000000000000000000
1111111111111111111111111111111111111111111111111100000000000000000000000000000000000000000
1111111111111111111111111111111111111111111111111110000000000000000000000000000000000000000
1111111111111111111111111111111111111111111111111111000000000000000000000000000000000000000
1111111111111111111111111111111111111111111111111111100000000000000000000000000000000000000
1111111111111111111111111111111111111111111111111111110000000000000000000000000000000000000
1111111111111111111111111111111111111111111111111111111000000000000000000000000000000000000
1111111111111111111111111111111111111111111111111111111100000000000000000000000000000000000
1111111111111111111111111111111111111111111111111111111110000000000000000000000000000000000
1111111111111111111111111111111111111111111111111111111111000000000000000000000000000000000
1111111111111111111111111111111111111111111111111111111111100000000000000000000000000000000
1111111111111111111111111111111111111111111111111111111111110000000000000000000000000000000
1111111111111111111111111111111111111111111111111111111111111000000000000000000000000000000
1111111111111111111111111111111111111111111111111111111111111100000000000000000000000000000
1111111111111111111111111111111111111111111111111111111111111110000000000000000000000000000
1111111111111111111111111111111111111111111111111111111111111111000000000000000000000000000
1111111111111111111111111111111111111111111111111111111111111111100000000000000000000000000
1111111111111111111111111111111111111111111111111111111111111111110000000000000000000000000
1111111111111111111111111111111111111111111111111111111111111111111000000000000000000000000
1111111111111111111111111111111111111111111111111111111111111111111100000000000000000000000
1111111111111111111111111111111111111111111111111111111111111111111110000000000000000000000
1111111111111111111111111111111111111111111111111111111111111111111111000000000000000000000
1111111111111111111111111111111111111111111111111111111111111111111111100000000000000000000
1111111111111111111111111111111111111111111111111111111111111111111111110000000000000000000
1111111111111111111111111111111111111111111111111111111111111111111111111000000000000000000
1111111111111111111111111111111111111111111111111111111111111111111111111100000000000000000
1111111111111111111111111111111111111111111111111111111111111111111111111110000000000000000
1111111111111111111111111111111111111111111111111111111111111111111111111111000000000000000
1111111111111111111111111111111111111111111111111111111111111111111111111111100000000000000
1111111111111111111111111111111111111111111111111111111111111111111111111111110000000000000
1111111111111111111111111111111111111111111111111111111111111111111111111111111000000000000
49
49
51
54
50
46
34
47
35
35
38
43
47
41
42
46
41
51
42
42
35
36
43
40
31
53
50
32
36
54
42
36
47
41
37
41
42
40
38
48
39
39
50
44
54
36
32
54
47
49
59
38
55
56
47
43
39
50
39
44
37
49
40
49
35
44
50
47
43
45
47
50
32
55
49
53
48
34
39
36
43
38
46
45
53
50
44
39
54
49
51
44
40
43
46
58
48
56
41
45
