5
0000000000
1000000000
1100000000
1000000100
1110000000
1100100000
1100010000
1100000001
1111000000
1110100000
1110001000
1100100001
1100010100
1100010010
1111100000
1110110000
1110101000
1110100001
1110001010
1100010011
1111110000
1111100001
1110110100
1110110010
1110101001
1110001011
1111111000
23
5
18
4
26
26
2
13
10
4
6
19
10
9
6
14
20
24
18
15
26
26
2
9
8
15
18
7
15
13
10
26
9
10
10
4
26
13
26
9
26
6
13
18
18
5
9
24
26
23
26
26
24
7
16
17
24
2
15
9
26
2
20
16
16
9
26
7
9
6
12
10
10
6
1
2
10
14
20
13
9
20
24
4
13
7
24
3
10
2
26
7
23
11
26
26
10
4
13
3
