11
0000000000000000000000000000000000000000000000000000000
1000000000000000000000000000000000000000000000000000000
1100000000000000000000000000000000000000000000000000000
1110000000000000000000000000000000000000000000000000000
1111000000000000000000000000000000000000000000000000000
1111100000000000000000000000000000000000000000000000000
1111110000000000000000000000000000000000000000000000000
1111111000000000000000000000000000000000000000000000000
1111111100000000000000000000000000000000000000000000000
1111111110000000000000000000000000000000000000000000000
1111111111000000000000000000000000000000000000000000000
1111111111100000000000000000000000000000000000000000000
1111111111110000000000000000000000000000000000000000000
1111111111111000000000000000000000000000000000000000000
1111111111111100000000000000000000000000000000000000000
1111111111111110000000000000000000000000000000000000000
1111111111111111000000000000000000000000000000000000000
1111111111111111100000000000000000000000000000000000000
1111111111111111110000000000000000000000000000000000000
1111111111111111111000000000000000000000000000000000000
1111111111111111111100000000000000000000000000000000000
1111111111111111111110000000000000000000000000000000000
1111111111111111111111000000000000000000000000000000000
1111111111111111111111100000000000000000000000000000000
1111111111111111111111110000000000000000000000000000000
1111111111111111111111111000000000000000000000000000000
1111111111111111111111111100000000000000000000000000000
1111111111111111111111111110000000000000000000000000000
1111111111111111111111111111000000000000000000000000000
1111111111111111111111111111100000000000000000000000000
1111111111111111111111111111110000000000000000000000000
1111111111111111111111111111111000000000000000000000000
1111111111111111111111111111111100000000000000000000000
1111111111111111111111111111111110000000000000000000000
1111111111111111111111111111111111000000000000000000000
1111111111111111111111111111111111100000000000000000000
1111111111111111111111111111111111110000000000000000000
1111111111111111111111111111111111111000000000000000000
1111111111111111111111111111111111111100000000000000000
1111111111111111111111111111111111111110000000000000000
1111111111111111111111111111111111111111000000000000000
1111111111111111111111111111111111111111100000000000000
1111111111111111111111111111111111111111110000000000000
1111111111111111111111111111111111111111111000000000000
1111111111111111111111111111111111111111111100000000000
1111111111111111111111111111111111111111111110000000000
1111111111111111111111111111111111111111111111000000000
1111111111111111111111111111111111111111111111100000000
1111111111111111111111111111111111111111111111110000000
1111111111111111111111111111111111111111111111111000000
1111111111111111111111111111111111111111111111111100000
1111111111111111111111111111111111111111111111111110000
1111111111111111111111111111111111111111111111111111000
29
19
23
43
5
25
26
43
30
31
24
33
39
8
47
15
20
31
42
32
26
29
34
31
33
41
42
26
21
9
33
42
9
18
9
29
29
35
10
42
25
34
16
15
42
34
14
30
34
38
17
30
13
34
27
44
25
17
10
32
35
14
9
30
20
34
12
31
19
35
43
34
31
17
45
10
23
45
19
27
11
19
26
19
12
11
35
16
26
34
24
19
42
36
13
27
38
15
33
15
