8
0000000000000000000000000000
1000000000000000000000000000
1100000000000000000000000000
1110000000000000000000000000
1111000000000000000000000000
1111100000000000000000000000
1111110000000000000000000000
1111111000000000000000000000
1111111100000000000000000000
1111111110000000000000000000
1111111111000000000000000000
1111111111100000000000000000
1111111111110000000000000000
1111111111111000000000000000
1111111111111100000000000000
1111111111111110000000000000
1111111111111111000000000000
1111111111111111100000000000
1111111111111111110000000000
1111111111111111111000000000
1111111111111111111100000000
1111111111111111111110000000
1111111111111111111111000000
1111111111111111111111100000
1111111111111111111111110000
1111111111111111111111111000
10
16
12
9
10
20
16
8
14
20
11
14
22
11
5
9
8
16
17
15
16
10
13
15
12
11
14
12
6
18
8
17
18
7
12
16
18
19
15
10
7
15
7
19
15
17
12
19
21
6
16
13
6
23
15
16
6
13
21
18
7
15
11
11
13
12
10
16
13
16
9
16
12
20
10
9
12
13
11
15
11
17
11
14
6
17
15
7
11
15
19
15
8
10
11
11
11
14
5
13
