7
000000000000000000000
100000000000000000000
110000000000000000000
111000000000000000000
111100000000000000000
111110000000000000000
111111000000000000000
111111100000000000000
111111110000000000000
111111111000000000000
111111111100000000000
111111111110000000000
111111111111000000000
111111111111100000000
111111111111110000000
111111111111111000000
11
7
10
12
8
14
5
6
6
9
11
4
13
7
11
13
13
13
6
9
7
6
14
8
10
6
9
8
5
4
11
6
15
9
6
4
5
10
11
8
7
11
12
11
8
10
6
7
10
12
5
12
10
11
10
10
13
10
7
13
11
11
7
7
11
9
13
10
7
11
13
10
15
9
10
10
13
8
11
6
9
8
11
15
8
9
15
8
10
9
11
9
11
3
10
7
14
11
6
10
