7
000000000000000000000
100000000000000000000
110000000000000000000
111000000000000000000
111100000000000000000
111110000000000000000
111111000000000000000
111111100000000000000
111111110000000000000
111111111000000000000
111111111100000000000
111111111110000000000
111111111111000000000
111111111111100000000
111111111111110000000
111111111111111000000
111111111111111100000
111111111111111110000
111111111111111111000
111111111111111111100
9
12
13
11
9
11
15
11
8
9
12
8
12
13
12
7
7
13
7
11
15
15
11
8
9
11
10
4
13
8
18
11
5
10
13
8
10
11
12
10
8
8
12
16
16
9
10
7
15
10
14
7
11
11
9
10
16
7
13
11
11
11
7
13
17
7
15
16
9
13
16
9
13
15
10
8
12
7
9
7
5
10
8
11
7
15
11
10
9
7
10
6
7
8
17
11
12
12
12
10
