8
0000000000000000000000000000
1000000000000000000000000000
1100000000000000000000000000
1110000000000000000000000000
1111000000000000000000000000
1111100000000000000000000000
1111110000000000000000000000
1111111000000000000000000000
1111111100000000000000000000
1111111110000000000000000000
1111111111000000000000000000
1111111111100000000000000000
1111111111110000000000000000
1111111111111000000000000000
1111111111111100000000000000
1111111111111110000000000000
1111111111111111000000000000
1111111111111111100000000000
1111111111111111110000000000
1111111111111111111000000000
1111111111111111111100000000
1111111111111111111110000000
13
19
12
8
14
15
11
12
8
7
4
8
13
13
19
8
20
7
12
13
7
8
17
10
16
7
8
13
7
4
10
2
6
6
11
6
9
19
11
8
12
6
11
19
17
14
2
12
2
8
4
12
8
2
15
11
10
15
3
6
16
7
13
11
13
5
16
10
14
6
19
18
4
13
12
20
7
10
14
7
14
16
14
4
16
12
5
14
1
15
10
4
16
14
7
14
7
4
19
11
