8
0000000000000000000000000000
1000000000000000000000000000
1100000000000000000000000000
1110000000000000000000000000
1111000000000000000000000000
1111100000000000000000000000
1111110000000000000000000000
1111111000000000000000000000
1111111100000000000000000000
1111111110000000000000000000
1111111111000000000000000000
1111111111100000000000000000
1111111111110000000000000000
1111111111111000000000000000
1111111111111100000000000000
1111111111111110000000000000
1111111111111111000000000000
1111111111111111100000000000
1111111111111111110000000000
1111111111111111111000000000
1111111111111111111100000000
1111111111111111111110000000
1111111111111111111111000000
1111111111111111111111100000
1111111111111111111111110000
1111111111111111111111111000
1111111111111111111111111100
3
21
16
21
5
13
21
25
13
9
15
4
11
24
13
24
3
8
18
10
12
14
5
8
4
18
25
17
6
16
16
18
12
6
11
20
10
18
9
14
14
13
22
15
19
21
17
8
11
8
8
10
7
19
25
25
17
13
3
7
15
14
16
13
13
14
10
21
15
20
16
7
6
13
17
19
18
5
16
17
23
14
19
17
18
10
20
20
19
21
11
7
4
6
18
7
17
14
8
4
