9
000000000000000000000000000000000000
100000000000000000000000000000000000
110000000000000000000000000000000000
111000000000000000000000000000000000
111100000000000000000000000000000000
111110000000000000000000000000000000
111111000000000000000000000000000000
111111100000000000000000000000000000
111111110000000000000000000000000000
111111111000000000000000000000000000
111111111100000000000000000000000000
111111111110000000000000000000000000
111111111111000000000000000000000000
111111111111100000000000000000000000
111111111111110000000000000000000000
111111111111111000000000000000000000
111111111111111100000000000000000000
111111111111111110000000000000000000
111111111111111111000000000000000000
111111111111111111100000000000000000
111111111111111111110000000000000000
111111111111111111111000000000000000
111111111111111111111100000000000000
111111111111111111111110000000000000
111111111111111111111111000000000000
111111111111111111111111100000000000
111111111111111111111111110000000000
111111111111111111111111111000000000
111111111111111111111111111100000000
20
17
20
22
14
21
24
19
27
24
16
21
22
21
17
23
14
16
22
13
18
18
19
19
18
15
15
17
20
16
10
8
17
9
15
25
17
15
22
13
21
15
24
10
21
8
18
15
18
16
17
24
17
18
21
17
18
18
18
15
14
15
17
19
18
16
16
15
12
19
13
19
14
21
11
15
21
16
15
20
18
17
8
18
27
22
18
16
18
16
10
11
20
12
7
14
25
18
23
13
