11
0000000000000000000000000000000000000000000000000000000
1111111111000000000000000000000000000000000000000000000
1111111111111111111000000000000000000000000000000000000
1111111111111111111111111110000000000000000000000000000
1111111111111111111111111111111111000000000000000000000
1111000000111000000110000001000000000000000000000000000
1111100000111100000111000001100000100000000000000000000
1111110000111110000111100001110000110000100000000000000
1111111000111111000111110001111000111000110001000000000
1111111100111111100111111001111100111100111001100100000
1111111110111111110111111101111110111110111101110110100
# [3, 3, 4, 4, 4, 4, 4, 9, 9, 10, 10]
# [4, 4, 4, 4, 4, 4, 4, 10, 10, 10, 10]
4
# [0, 0, 1, 1, 1, 4, 4, 5, 5, 5, 6]
# [0, 0, 0, 0, 0, 5, 5, 5, 5, 5, 5]
6
# [4, 4, 4, 5, 5, 6, 6, 10, 10, 10, 10]
# [4, 4, 4, 4, 4, 4, 4, 10, 10, 10, 10]
4
# [0, 0, 0, 0, 0, 1, 1, 1, 1, 1, 1]
# [0, 0, 0, 0, 0, 0, 0, 0, 0, 0, 0]
0
# [4, 4, 4, 4, 5, 5, 6, 9, 9, 10, 10]
# [4, 4, 4, 4, 4, 4, 4, 10, 10, 10, 10]
4
# [0, 0, 8, 8, 8, 8, 8, 8, 8, 8, 8]
# [0, 0, 8, 8, 8, 8, 8, 8, 8, 8, 8]
9
# [4, 4, 4, 4, 4, 5, 6, 9, 10, 10, 10]
# [4, 4, 4, 4, 4, 4, 4, 10, 10, 10, 10]
4
# [0, 1, 1, 1, 2, 2, 4, 4, 5, 5, 5]
# [0, 0, 0, 0, 0, 0, 4, 4, 4, 4, 4]
5
# [0, 0, 1, 1, 1, 5, 5, 5, 6, 6, 6]
# [0, 0, 0, 0, 0, 5, 5, 5, 5, 5, 5]
6
# [0, 0, 0, 0, 0, 1, 1, 1, 1, 1, 1]
# [0, 0, 0, 0, 0, 0, 0, 0, 0, 0, 0]
0
# [1, 1, 2, 7, 7, 7, 7, 7, 7, 8, 8]
# [0, 0, 0, 7, 7, 7, 7, 7, 7, 7, 7]
8
# [0, 8, 8, 9, 9, 9, 9, 9, 9, 9, 9]
# [0, 9, 9, 9, 9, 9, 9, 9, 9, 9, 9]
10
# [4, 4, 4, 4, 4, 5, 5, 10, 10, 10, 10]
# [4, 4, 4, 4, 4, 4, 4, 10, 10, 10, 10]
4
# [1, 1, 1, 2, 2, 2, 2, 2, 3, 3, 9]
# [1, 1, 1, 1, 1, 1, 1, 1, 1, 1, 10]
1
# [0, 0, 0, 0, 0, 4, 4, 5, 5, 5, 5]
# [0, 0, 0, 0, 0, 5, 5, 5, 5, 5, 5]
6
# [1, 3, 3, 3, 3, 3, 3, 3, 9, 9, 10]
# [3, 3, 3, 3, 3, 3, 3, 3, 10, 10, 10]
3
# [3, 4, 4, 4, 5, 5, 5, 9, 9, 10, 10]
# [4, 4, 4, 4, 4, 4, 4, 10, 10, 10, 10]
4
# [3, 3, 3, 4, 4, 4, 5, 7, 9, 9, 9]
# [4, 4, 4, 4, 4, 4, 4, 10, 10, 10, 10]
4
# [0, 0, 1, 7, 7, 7, 7, 7, 7, 7, 8]
# [0, 0, 0, 7, 7, 7, 7, 7, 7, 7, 7]
8
# [0, 0, 1, 1, 6, 6, 6, 6, 6, 6, 6]
# [0, 0, 0, 0, 6, 6, 6, 6, 6, 6, 6]
7
# [3, 3, 3, 4, 4, 4, 4, 8, 9, 9, 9]
# [4, 4, 4, 4, 4, 4, 4, 10, 10, 10, 10]
4
# [1, 1, 3, 6, 6, 7, 8, 8, 8, 8, 8]
# [0, 0, 0, 7, 7, 7, 7, 7, 7, 7, 7]
8
# [0, 0, 1, 6, 6, 6, 7, 7, 7, 7, 7]
# [0, 0, 0, 7, 7, 7, 7, 7, 7, 7, 7]
8
# [0, 0, 6, 7, 7, 7, 7, 8, 8, 8, 8]
# [0, 0, 8, 8, 8, 8, 8, 8, 8, 8, 8]
9
# [0, 0, 0, 1, 1, 4, 5, 5, 5, 5, 6]
# [0, 0, 0, 0, 0, 5, 5, 5, 5, 5, 5]
6
# [0, 1, 6, 7, 7, 7, 8, 8, 8, 8, 8]
# [0, 0, 8, 8, 8, 8, 8, 8, 8, 8, 8]
9
# [0, 0, 5, 7, 7, 7, 8, 8, 8, 8, 8]
# [0, 0, 8, 8, 8, 8, 8, 8, 8, 8, 8]
9
# [4, 4, 4, 4, 4, 4, 4, 10, 10, 10, 10]
# [4, 4, 4, 4, 4, 4, 4, 10, 10, 10, 10]
4
# [0, 0, 7, 7, 7, 7, 8, 8, 8, 8, 8]
# [0, 0, 8, 8, 8, 8, 8, 8, 8, 8, 8]
9
# [3, 4, 4, 4, 4, 4, 4, 9, 10, 10, 10]
# [4, 4, 4, 4, 4, 4, 4, 10, 10, 10, 10]
4
# [0, 7, 8, 8, 8, 8, 9, 9, 9, 9, 9]
# [0, 9, 9, 9, 9, 9, 9, 9, 9, 9, 9]
10
# [0, 1, 7, 7, 7, 8, 8, 8, 8, 8, 8]
# [0, 0, 8, 8, 8, 8, 8, 8, 8, 8, 8]
9
# [0, 0, 0, 0, 0, 1, 1, 1, 1, 2, 2]
# [0, 0, 0, 0, 0, 0, 0, 0, 0, 0, 0]
0
# [0, 0, 0, 0, 0, 0, 0, 0, 0, 0, 0]
# [0, 0, 0, 0, 0, 0, 0, 0, 0, 0, 0]
0
# [2, 2, 2, 2, 2, 2, 3, 3, 4, 8, 10]
# [2, 2, 2, 2, 2, 2, 2, 2, 2, 10, 10]
2
# [3, 4, 4, 4, 4, 4, 4, 9, 10, 10, 10]
# [4, 4, 4, 4, 4, 4, 4, 10, 10, 10, 10]
4
# [1, 1, 3, 5, 7, 7, 7, 7, 8, 8, 8]
# [0, 0, 0, 7, 7, 7, 7, 7, 7, 7, 7]
8
# [2, 2, 2, 3, 3, 3, 3, 3, 4, 9, 10]
# [2, 2, 2, 2, 2, 2, 2, 2, 2, 10, 10]
2
# [0, 0, 0, 0, 0, 1, 1, 1, 1, 1, 1]
# [0, 0, 0, 0, 0, 0, 0, 0, 0, 0, 0]
0
# [0, 8, 8, 8, 8, 9, 9, 9, 9, 9, 9]
# [0, 9, 9, 9, 9, 9, 9, 9, 9, 9, 9]
10
# [0, 7, 7, 8, 8, 9, 9, 9, 9, 9, 9]
# [0, 9, 9, 9, 9, 9, 9, 9, 9, 9, 9]
10
# [0, 1, 1, 1, 1, 4, 5, 5, 5, 5, 6]
# [0, 0, 0, 0, 0, 5, 5, 5, 5, 5, 5]
6
# [0, 0, 0, 0, 0, 0, 0, 0, 0, 0, 0]
# [0, 0, 0, 0, 0, 0, 0, 0, 0, 0, 0]
0
# [1, 2, 2, 2, 3, 3, 3, 3, 3, 8, 10]
# [2, 2, 2, 2, 2, 2, 2, 2, 2, 10, 10]
2
# [1, 1, 1, 5, 6, 7, 7, 7, 7, 8, 8]
# [0, 0, 0, 7, 7, 7, 7, 7, 7, 7, 7]
8
# [2, 2, 2, 3, 3, 3, 4, 4, 8, 9, 10]
# [3, 3, 3, 3, 3, 3, 3, 3, 10, 10, 10]
3
# [0, 0, 0, 1, 1, 2, 3, 4, 4, 4, 5]
# [0, 0, 0, 0, 0, 0, 4, 4, 4, 4, 4]
5
# [0, 1, 8, 8, 8, 8, 8, 8, 8, 8, 9]
# [0, 0, 8, 8, 8, 8, 8, 8, 8, 8, 8]
9
# [0, 1, 1, 1, 5, 6, 6, 6, 6, 7, 7]
# [0, 0, 0, 0, 6, 6, 6, 6, 6, 6, 6]
7
# [1, 1, 1, 1, 2, 2, 2, 2, 2, 2, 10]
# [1, 1, 1, 1, 1, 1, 1, 1, 1, 1, 10]
1
# [0, 0, 0, 0, 0, 0, 0, 1, 1, 1, 1]
# [0, 0, 0, 0, 0, 0, 0, 0, 0, 0, 0]
0
# [0, 1, 4, 6, 6, 6, 7, 7, 8, 8, 9]
# [0, 0, 0, 7, 7, 7, 7, 7, 7, 7, 7]
8
# [1, 1, 1, 1, 2, 2, 2, 3, 3, 3, 9]
# [1, 1, 1, 1, 1, 1, 1, 1, 1, 1, 10]
1
# [0, 1, 6, 7, 7, 7, 8, 8, 8, 8, 8]
# [0, 0, 8, 8, 8, 8, 8, 8, 8, 8, 8]
9
# [1, 1, 1, 1, 1, 1, 2, 2, 2, 2, 10]
# [1, 1, 1, 1, 1, 1, 1, 1, 1, 1, 10]
1
# [1, 1, 7, 8, 8, 8, 8, 8, 8, 8, 9]
# [0, 0, 8, 8, 8, 8, 8, 8, 8, 8, 8]
9
# [0, 0, 2, 2, 5, 5, 6, 6, 7, 7, 8]
# [0, 0, 0, 0, 6, 6, 6, 6, 6, 6, 6]
7
# [3, 3, 3, 3, 3, 3, 3, 4, 9, 10, 10]
# [3, 3, 3, 3, 3, 3, 3, 3, 10, 10, 10]
3
# [1, 2, 2, 2, 2, 2, 3, 3, 4, 9, 10]
# [2, 2, 2, 2, 2, 2, 2, 2, 2, 10, 10]
2
# [2, 2, 2, 2, 2, 2, 3, 3, 4, 10, 10]
# [2, 2, 2, 2, 2, 2, 2, 2, 2, 10, 10]
2
# [1, 1, 1, 1, 1, 1, 1, 1, 2, 2, 10]
# [1, 1, 1, 1, 1, 1, 1, 1, 1, 1, 10]
1
# [0, 0, 0, 0, 0, 0, 0, 0, 0, 1, 1]
# [0, 0, 0, 0, 0, 0, 0, 0, 0, 0, 0]
0
# [2, 2, 2, 2, 2, 2, 2, 3, 3, 10, 10]
# [2, 2, 2, 2, 2, 2, 2, 2, 2, 10, 10]
2
# [0, 0, 0, 2, 6, 6, 6, 6, 6, 7, 7]
# [0, 0, 0, 0, 6, 6, 6, 6, 6, 6, 6]
7
# [0, 0, 0, 0, 0, 0, 0, 1, 1, 1, 1]
# [0, 0, 0, 0, 0, 0, 0, 0, 0, 0, 0]
0
# [0, 1, 2, 6, 6, 7, 7, 7, 7, 7, 8]
# [0, 0, 0, 7, 7, 7, 7, 7, 7, 7, 7]
8
# [1, 1, 2, 2, 2, 2, 2, 3, 3, 8, 8]
# [2, 2, 2, 2, 2, 2, 2, 2, 2, 10, 10]
2
# [2, 2, 2, 2, 2, 3, 3, 3, 4, 9, 10]
# [2, 2, 2, 2, 2, 2, 2, 2, 2, 10, 10]
2
# [1, 7, 8, 8, 8, 8, 8, 9, 9, 9, 9]
# [0, 9, 9, 9, 9, 9, 9, 9, 9, 9, 9]
10
# [0, 1, 2, 2, 2, 2, 2, 2, 3, 3, 9]
# [1, 1, 1, 1, 1, 1, 1, 1, 1, 1, 10]
1
# [1, 1, 1, 1, 1, 1, 1, 2, 2, 2, 9]
# [1, 1, 1, 1, 1, 1, 1, 1, 1, 1, 10]
1
# [1, 2, 2, 2, 2, 3, 3, 3, 3, 9, 10]
# [2, 2, 2, 2, 2, 2, 2, 2, 2, 10, 10]
2
# [3, 3, 4, 4, 4, 4, 4, 5, 9, 10, 10]
# [3, 3, 3, 3, 3, 3, 3, 3, 10, 10, 10]
3
# [3, 3, 3, 3, 4, 4, 4, 6, 9, 9, 10]
# [3, 3, 3, 3, 3, 3, 3, 3, 10, 10, 10]
3
# [0, 0, 0, 0, 1, 1, 4, 4, 4, 5, 5]
# [0, 0, 0, 0, 0, 0, 4, 4, 4, 4, 4]
5
# [2, 2, 2, 2, 2, 2, 2, 3, 3, 8, 10]
# [2, 2, 2, 2, 2, 2, 2, 2, 2, 10, 10]
2
# [0, 7, 8, 8, 9, 9, 9, 9, 9, 9, 9]
# [0, 9, 9, 9, 9, 9, 9, 9, 9, 9, 9]
10
# [4, 4, 4, 5, 5, 5, 5, 9, 9, 10, 10]
# [4, 4, 4, 4, 4, 4, 4, 10, 10, 10, 10]
4
# [1, 1, 1, 1, 1, 1, 1, 1, 2, 2, 10]
# [1, 1, 1, 1, 1, 1, 1, 1, 1, 1, 10]
1
# [3, 4, 4, 4, 4, 4, 4, 9, 9, 9, 10]
# [4, 4, 4, 4, 4, 4, 4, 10, 10, 10, 10]
4
# [0, 0, 0, 1, 1, 2, 4, 4, 4, 5, 5]
# [0, 0, 0, 0, 0, 0, 4, 4, 4, 4, 4]
5
# [0, 0, 1, 1, 6, 6, 6, 6, 6, 6, 6]
# [0, 0, 0, 0, 6, 6, 6, 6, 6, 6, 6]
7
# [1, 1, 1, 1, 1, 1, 1, 1, 2, 2, 10]
# [1, 1, 1, 1, 1, 1, 1, 1, 1, 1, 10]
1
# [0, 2, 7, 7, 8, 8, 8, 8, 8, 9, 9]
# [0, 0, 8, 8, 8, 8, 8, 8, 8, 8, 8]
9
# [2, 2, 3, 3, 3, 3, 3, 3, 9, 9, 10]
# [3, 3, 3, 3, 3, 3, 3, 3, 10, 10, 10]
3
# [0, 0, 0, 0, 0, 0, 0, 0, 0, 1, 1]
# [0, 0, 0, 0, 0, 0, 0, 0, 0, 0, 0]
0
# [1, 1, 1, 1, 2, 2, 2, 2, 3, 3, 10]
# [1, 1, 1, 1, 1, 1, 1, 1, 1, 1, 10]
1
# [0, 0, 0, 1, 1, 5, 5, 5, 5, 5, 5]
# [0, 0, 0, 0, 0, 5, 5, 5, 5, 5, 5]
6
# [1, 9, 9, 9, 9, 9, 9, 9, 9, 9, 10]
# [0, 9, 9, 9, 9, 9, 9, 9, 9, 9, 9]
10
# [0, 0, 1, 6, 6, 7, 7, 7, 7, 7, 8]
# [0, 0, 0, 7, 7, 7, 7, 7, 7, 7, 7]
8
# [2, 2, 2, 2, 3, 3, 3, 3, 4, 10, 10]
# [2, 2, 2, 2, 2, 2, 2, 2, 2, 10, 10]
2
# [1, 1, 8, 8, 8, 8, 8, 8, 8, 8, 8]
# [0, 0, 8, 8, 8, 8, 8, 8, 8, 8, 8]
9
# [0, 0, 0, 1, 1, 1, 1, 1, 1, 2, 2]
# [0, 0, 0, 0, 0, 0, 0, 0, 0, 0, 0]
0
# [0, 0, 0, 0, 1, 4, 4, 5, 5, 5, 6]
# [0, 0, 0, 0, 0, 5, 5, 5, 5, 5, 5]
6
# [1, 1, 1, 1, 1, 1, 1, 2, 2, 2, 9]
# [1, 1, 1, 1, 1, 1, 1, 1, 1, 1, 10]
1
# [1, 1, 1, 1, 2, 2, 2, 2, 3, 3, 10]
# [1, 1, 1, 1, 1, 1, 1, 1, 1, 1, 10]
1
# [3, 3, 3, 3, 3, 4, 4, 4, 9, 10, 10]
# [3, 3, 3, 3, 3, 3, 3, 3, 10, 10, 10]
3
# [1, 1, 1, 1, 1, 1, 2, 2, 2, 3, 9]
# [1, 1, 1, 1, 1, 1, 1, 1, 1, 1, 10]
1
# [2, 3, 3, 3, 3, 3, 3, 4, 8, 10, 10]
# [3, 3, 3, 3, 3, 3, 3, 3, 10, 10, 10]
3
# [0, 0, 1, 6, 6, 7, 7, 7, 7, 7, 8]
# [0, 0, 0, 7, 7, 7, 7, 7, 7, 7, 7]
8
