5
0000000000
1000000000
1100000000
1000000100
1110000000
1100100000
1100010000
1100000001
1111000000
1110100000
1110001000
1100100001
1100010100
1100010010
1111100000
1110110000
1110101000
1110100001
1110001010
1100010011
1111110000
1111100001
1110110100
1110110010
1110101001
1110001011
1111111000
13
7
3
11
15
4
20
26
13
5
18
17
23
25
2
13
8
14
18
11
24
2
10
11
21
23
7
17
15
2
15
0
19
13
24
24
22
2
22
17
0
0
15
18
10
2
4
16
25
9
12
15
22
22
16
12
10
26
22
15
18
4
26
5
21
1
3
3
22
24
13
17
21
4
9
22
21
22
1
10
1
24
18
7
0
16
4
0
21
26
20
7
15
11
24
10
5
8
14
16
