9
000000000000000000000000000000000000
100000000000000000000000000000000000
110000000000000000000000000000000000
111000000000000000000000000000000000
111100000000000000000000000000000000
111110000000000000000000000000000000
111111000000000000000000000000000000
111111100000000000000000000000000000
111111110000000000000000000000000000
111111111000000000000000000000000000
111111111100000000000000000000000000
111111111110000000000000000000000000
111111111111000000000000000000000000
111111111111100000000000000000000000
111111111111110000000000000000000000
111111111111111000000000000000000000
111111111111111100000000000000000000
111111111111111110000000000000000000
111111111111111111000000000000000000
111111111111111111100000000000000000
111111111111111111110000000000000000
111111111111111111111000000000000000
111111111111111111111100000000000000
111111111111111111111110000000000000
111111111111111111111111000000000000
111111111111111111111111100000000000
111111111111111111111111110000000000
111111111111111111111111111000000000
111111111111111111111111111100000000
111111111111111111111111111110000000
111111111111111111111111111111000000
111111111111111111111111111111100000
111111111111111111111111111111110000
111111111111111111111111111111111000
21
18
24
22
11
21
16
24
15
24
11
20
23
19
18
13
28
17
18
13
17
19
3
15
16
19
14
12
28
27
24
23
13
21
18
23
19
21
11
13
10
9
11
14
21
5
13
15
15
20
14
14
9
22
20
31
24
18
13
11
19
27
14
13
16
25
12
18
12
13
16
14
19
24
10
19
16
18
17
18
23
26
20
29
7
20
15
26
14
12
20
13
24
17
22
26
14
11
25
23
