7
000000000000000000000
100000000000000000000
110000000000000000000
111000000000000000000
111100000000000000000
111110000000000000000
111111000000000000000
111111100000000000000
111111110000000000000
111111111000000000000
111111111100000000000
111111111110000000000
111111111111000000000
111111111111100000000
111111111111110000000
111111111111111000000
111111111111111100000
111111111111111110000
12
11
4
2
14
11
2
4
14
10
13
11
7
12
16
6
10
13
17
4
11
11
11
10
11
14
3
10
2
8
5
7
11
2
13
13
10
3
13
7
5
17
14
13
12
16
8
2
15
12
8
7
15
4
8
7
5
8
4
11
15
15
11
10
15
4
10
6
14
13
9
8
6
15
9
11
9
9
8
6
12
10
11
12
6
9
4
13
3
4
4
16
15
10
12
12
13
2
8
17
