5
0000000000
1000000000
1100000000
1000000100
1110000000
1100100000
1100010000
1100000001
1111000000
1110100000
1110001000
1100100001
1100010100
1100010010
1111100000
1110110000
1110101000
1110100001
1110001010
1100010011
1111110000
1111100001
1110110100
1110110010
1110101001
1110001011
1111111000
1111110100
1111110010
1110110011
9
29
15
16
29
29
9
26
15
2
9
7
16
6
18
29
23
27
15
9
10
16
1
10
2
16
19
20
10
16
14
20
14
8
27
13
6
1
11
16
18
16
29
27
21
10
19
23
12
2
17
17
15
17
27
27
7
22
29
13
4
13
6
6
20
14
10
24
9
3
10
13
2
24
2
29
15
6
11
13
29
14
6
2
3
6
20
17
2
10
20
27
6
10
2
14
1
9
9
14
