10
000000000000000000000000000000000000000000000
100000000000000000000000000000000000000000000
110000000000000000000000000000000000000000000
111000000000000000000000000000000000000000000
111100000000000000000000000000000000000000000
111110000000000000000000000000000000000000000
111111000000000000000000000000000000000000000
111111100000000000000000000000000000000000000
111111110000000000000000000000000000000000000
111111111000000000000000000000000000000000000
111111111100000000000000000000000000000000000
111111111110000000000000000000000000000000000
111111111111000000000000000000000000000000000
111111111111100000000000000000000000000000000
111111111111110000000000000000000000000000000
111111111111111000000000000000000000000000000
111111111111111100000000000000000000000000000
111111111111111110000000000000000000000000000
111111111111111111000000000000000000000000000
111111111111111111100000000000000000000000000
111111111111111111110000000000000000000000000
111111111111111111111000000000000000000000000
111111111111111111111100000000000000000000000
111111111111111111111110000000000000000000000
111111111111111111111111000000000000000000000
111111111111111111111111100000000000000000000
111111111111111111111111110000000000000000000
111111111111111111111111111000000000000000000
111111111111111111111111111100000000000000000
111111111111111111111111111110000000000000000
111111111111111111111111111111000000000000000
111111111111111111111111111111100000000000000
111111111111111111111111111111110000000000000
111111111111111111111111111111111000000000000
111111111111111111111111111111111100000000000
111111111111111111111111111111111110000000000
111111111111111111111111111111111111000000000
111111111111111111111111111111111111100000000
111111111111111111111111111111111111110000000
111111111111111111111111111111111111111000000
111111111111111111111111111111111111111100000
111111111111111111111111111111111111111110000
17
31
20
25
19
25
32
34
23
24
24
22
22
22
21
17
14
20
10
28
25
18
32
19
22
26
21
16
24
17
23
22
28
17
16
18
26
27
20
17
18
20
16
17
30
22
11
17
20
18
17
22
26
20
27
30
19
13
21
16
20
21
22
14
21
19
26
18
19
14
18
26
17
30
27
24
16
25
29
28
12
27
28
19
18
22
29
12
27
28
23
19
26
27
18
28
22
23
15
28
