6
000000000000000
100000000000000
110000000000000
100000000100000
111000000000000
110001000000000
110000100000000
110000000000100
100000000100001
111100000000000
111001000000000
111000010000000
111000000000001
110001000000100
110000100100000
110000100010000
110000100000001
110000000000110
111110000000000
111101000000000
111100001000000
111001100000000
111001010000000
111001000000100
111001000000001
111000011000000
111000010010000
111000010001000
111000010000001
110001000000110
110000100100001
110000100010100
110000100010010
111111000000000
111101100000000
111101001000000
111101000000100
111101000000010
111100001001000
111001100100000
111001100010000
111001100000001
111001010001000
111001010000100
111001010000010
111001000000110
28
45
45
45
23
45
21
26
23
44
45
23
45
45
45
45
15
45
45
45
45
25
45
16
45
28
14
45
28
45
45
45
45
45
45
45
45
45
17
45
45
11
45
45
45
45
45
11
45
45
45
7
45
10
45
45
45
6
45
45
45
34
45
45
36
45
45
26
45
45
45
45
45
45
45
45
45
45
45
45
45
11
32
17
11
45
45
33
45
28
35
45
2
45
45
45
45
45
45
45
