9
000000000000000000000000000000000000
100000000000000000000000000000000000
110000000000000000000000000000000000
111000000000000000000000000000000000
111100000000000000000000000000000000
111110000000000000000000000000000000
111111000000000000000000000000000000
111111100000000000000000000000000000
111111110000000000000000000000000000
111111111000000000000000000000000000
111111111100000000000000000000000000
111111111110000000000000000000000000
111111111111000000000000000000000000
111111111111100000000000000000000000
111111111111110000000000000000000000
111111111111111000000000000000000000
111111111111111100000000000000000000
111111111111111110000000000000000000
111111111111111111000000000000000000
111111111111111111100000000000000000
111111111111111111110000000000000000
111111111111111111111000000000000000
111111111111111111111100000000000000
111111111111111111111110000000000000
111111111111111111111111000000000000
111111111111111111111111100000000000
111111111111111111111111110000000000
111111111111111111111111111000000000
111111111111111111111111111100000000
111111111111111111111111111110000000
111111111111111111111111111111000000
111111111111111111111111111111100000
111111111111111111111111111111110000
111111111111111111111111111111111000
111111111111111111111111111111111100
19
15
16
9
26
16
21
23
9
21
11
13
23
26
24
24
16
15
20
20
26
17
15
12
9
21
25
21
23
17
13
26
16
16
22
15
11
19
15
25
16
16
16
16
7
10
24
18
12
13
20
18
24
14
10
11
22
24
17
7
19
17
16
9
13
23
22
20
26
24
22
15
11
14
11
12
11
22
10
13
12
20
19
13
25
7
14
25
17
16
9
24
9
22
12
17
22
10
20
10
