5
0000000000
1000000000
1100000000
1000000100
1110000000
1100100000
1100010000
1100000001
1111000000
1110100000
1110001000
1100100001
1100010100
1100010010
1111100000
1110110000
1110101000
1110100001
1110001010
1100010011
1111110000
1111100001
1110110100
1110110010
1110101001
1110001011
10
23
4
16
18
6
25
9
5
24
9
23
11
4
20
18
16
9
2
17
25
17
9
10
16
23
4
3
25
2
25
25
7
1
23
6
10
15
22
1
18
15
3
17
18
16
21
1
25
25
19
15
17
18
4
14
6
10
0
12
14
7
10
13
25
16
4
9
15
7
20
12
25
21
20
12
6
16
17
20
4
24
6
10
1
22
15
23
9
9
25
1
20
7
10
1
10
23
2
25
