7
000000000000000000000
100000000000000000000
110000000000000000000
111000000000000000000
111100000000000000000
111110000000000000000
111111000000000000000
111111100000000000000
111111110000000000000
111111111000000000000
111111111100000000000
111111111110000000000
111111111111000000000
111111111111100000000
111111111111110000000
111111111111111000000
111111111111111100000
111111111111111110000
6
2
12
15
3
5
12
17
8
15
0
4
2
14
10
17
7
3
17
1
14
12
0
0
15
0
6
17
9
16
8
0
10
3
8
1
14
11
0
14
16
11
1
10
7
10
6
7
13
12
1
17
4
11
11
5
3
9
7
9
0
9
13
8
4
9
8
7
8
16
10
13
14
12
17
14
17
15
6
3
15
6
6
7
16
5
6
11
10
17
3
4
17
3
17
6
6
14
15
12
