9
000000000000000000000000000000000000
100000000000000000000000000000000000
110000000000000000000000000000000000
111000000000000000000000000000000000
111100000000000000000000000000000000
111110000000000000000000000000000000
111111000000000000000000000000000000
111111100000000000000000000000000000
111111110000000000000000000000000000
111111111000000000000000000000000000
111111111100000000000000000000000000
111111111110000000000000000000000000
111111111111000000000000000000000000
111111111111100000000000000000000000
111111111111110000000000000000000000
111111111111111000000000000000000000
111111111111111100000000000000000000
111111111111111110000000000000000000
111111111111111111000000000000000000
111111111111111111100000000000000000
111111111111111111110000000000000000
111111111111111111111000000000000000
111111111111111111111100000000000000
111111111111111111111110000000000000
111111111111111111111111000000000000
111111111111111111111111100000000000
111111111111111111111111110000000000
111111111111111111111111111000000000
111111111111111111111111111100000000
8
8
21
18
15
10
18
9
12
11
21
15
15
11
18
21
11
22
19
27
11
22
10
22
15
20
10
9
17
8
12
10
5
14
19
14
16
11
6
11
12
22
21
10
12
18
24
9
21
11
24
20
8
27
10
15
20
20
9
18
14
18
19
9
20
23
8
8
13
19
17
11
17
14
19
13
10
17
11
23
16
20
17
19
23
16
16
14
19
25
10
16
9
19
27
22
24
14
17
15
