11
0000000000000000000000000000000000000000000000000000000
1000000000000000000000000000000000000000000000000000000
1100000000000000000000000000000000000000000000000000000
1110000000000000000000000000000000000000000000000000000
1111000000000000000000000000000000000000000000000000000
1111100000000000000000000000000000000000000000000000000
1111110000000000000000000000000000000000000000000000000
1111111000000000000000000000000000000000000000000000000
1111111100000000000000000000000000000000000000000000000
1111111110000000000000000000000000000000000000000000000
1111111111000000000000000000000000000000000000000000000
1111111111100000000000000000000000000000000000000000000
1111111111110000000000000000000000000000000000000000000
1111111111111000000000000000000000000000000000000000000
1111111111111100000000000000000000000000000000000000000
1111111111111110000000000000000000000000000000000000000
1111111111111111000000000000000000000000000000000000000
1111111111111111100000000000000000000000000000000000000
1111111111111111110000000000000000000000000000000000000
1111111111111111111000000000000000000000000000000000000
1111111111111111111100000000000000000000000000000000000
1111111111111111111110000000000000000000000000000000000
1111111111111111111111000000000000000000000000000000000
1111111111111111111111100000000000000000000000000000000
1111111111111111111111110000000000000000000000000000000
1111111111111111111111111000000000000000000000000000000
1111111111111111111111111100000000000000000000000000000
1111111111111111111111111110000000000000000000000000000
1111111111111111111111111111000000000000000000000000000
1111111111111111111111111111100000000000000000000000000
1111111111111111111111111111110000000000000000000000000
1111111111111111111111111111111000000000000000000000000
1111111111111111111111111111111100000000000000000000000
1111111111111111111111111111111110000000000000000000000
1111111111111111111111111111111111000000000000000000000
1111111111111111111111111111111111100000000000000000000
1111111111111111111111111111111111110000000000000000000
1111111111111111111111111111111111111000000000000000000
1111111111111111111111111111111111111100000000000000000
1111111111111111111111111111111111111110000000000000000
1111111111111111111111111111111111111111000000000000000
1111111111111111111111111111111111111111100000000000000
1111111111111111111111111111111111111111110000000000000
1111111111111111111111111111111111111111111000000000000
1111111111111111111111111111111111111111111100000000000
1111111111111111111111111111111111111111111110000000000
1111111111111111111111111111111111111111111111000000000
1111111111111111111111111111111111111111111111100000000
1111111111111111111111111111111111111111111111110000000
1111111111111111111111111111111111111111111111111000000
1111111111111111111111111111111111111111111111111100000
1111111111111111111111111111111111111111111111111110000
1111111111111111111111111111111111111111111111111111000
22
15
34
20
27
17
25
25
24
31
32
34
21
22
28
30
34
17
34
26
22
34
37
30
23
28
29
23
36
35
29
26
30
25
29
29
13
29
31
38
16
20
30
37
25
15
18
20
35
29
21
23
22
22
16
28
24
29
29
29
33
28
19
34
15
27
23
31
30
24
30
33
27
30
35
39
22
21
28
32
24
40
28
33
34
33
25
19
22
31
36
39
42
29
30
26
32
32
26
18
