7
000000000000000000000
100000000000000000000
110000000000000000000
111000000000000000000
111100000000000000000
111110000000000000000
111111000000000000000
111111100000000000000
111111110000000000000
111111111000000000000
111111111100000000000
111111111110000000000
111111111111000000000
111111111111100000000
111111111111110000000
111111111111111000000
111111111111111100000
111111111111111110000
111111111111111111000
111111111111111111100
111111111111111111110
12
14
11
9
14
7
12
8
12
9
6
10
9
12
11
9
7
12
17
9
15
9
7
8
14
9
5
9
7
13
10
15
11
10
14
8
14
11
12
11
4
11
12
14
9
10
7
13
8
12
9
7
5
11
13
12
10
13
10
12
16
13
7
7
8
12
11
11
10
13
13
9
13
12
11
12
7
16
7
5
11
15
11
5
18
14
9
10
9
10
11
12
10
13
10
13
7
12
11
8
