8
0000000000000000000000000000
1000000000000000000000000000
1100000000000000000000000000
1110000000000000000000000000
1111000000000000000000000000
1111100000000000000000000000
1111110000000000000000000000
1111111000000000000000000000
1111111100000000000000000000
1111111110000000000000000000
1111111111000000000000000000
1111111111100000000000000000
1111111111110000000000000000
1111111111111000000000000000
1111111111111100000000000000
1111111111111110000000000000
1111111111111111000000000000
1111111111111111100000000000
1111111111111111110000000000
1111111111111111111000000000
1111111111111111111100000000
1111111111111111111110000000
1111111111111111111111000000
1111111111111111111111100000
1111111111111111111111110000
1111111111111111111111111000
1111111111111111111111111100
18
6
19
18
13
7
13
20
19
10
8
10
5
9
16
15
15
19
13
13
20
15
14
14
22
14
19
17
4
17
20
12
16
19
9
22
9
7
19
8
15
5
18
15
16
13
10
14
20
20
20
13
14
19
9
11
13
17
15
9
13
14
18
6
11
17
16
15
15
11
19
9
20
9
10
12
14
18
7
11
9
19
10
19
16
15
9
19
17
8
22
16
20
16
17
13
17
20
16
11
