22
000000000000000000000000000000000000000000000000000000000000000000000000000000000000000000000000000000000000000000000000000000000000000000000000000000000000000000000000000000000000000000000000000000000000000000000000000000000000000
111111111111111111111000000000000000000000000000000000000000000000000000000000000000000000000000000000000000000000000000000000000000000000000000000000000000000000000000000000000000000000000000000000000000000000000000000000000000000
111111111111111111111111111111111111111110000000000000000000000000000000000000000000000000000000000000000000000000000000000000000000000000000000000000000000000000000000000000000000000000000000000000000000000000000000000000000000000
111111111111111111111111111111111111111111111111111111111111000000000000000000000000000000000000000000000000000000000000000000000000000000000000000000000000000000000000000000000000000000000000000000000000000000000000000000000000000
111111111111111111111111111111111111111111111111111111111111111111111111111111000000000000000000000000000000000000000000000000000000000000000000000000000000000000000000000000000000000000000000000000000000000000000000000000000000000
111111111111111111111111111111111111111111111111111111111111111111111111111111111111111111111110000000000000000000000000000000000000000000000000000000000000000000000000000000000000000000000000000000000000000000000000000000000000000
111111111111111111111111111111111111111111111111111111111111111111111111111111111111111111111111111111111111111000000000000000000000000000000000000000000000000000000000000000000000000000000000000000000000000000000000000000000000000
111111111111111111111111111111111111111111111111111111111111111111111111111111111111111111111111111111111111111111111111111111000000000000000000000000000000000000000000000000000000000000000000000000000000000000000000000000000000000
111111111111111111111111111111111111111111111111111111111111111111111111111111111111111111111111111111111111111111111111111111111111111111110000000000000000000000000000000000000000000000000000000000000000000000000000000000000000000
111111111111111111111111111111111111111111111111111111111111111111111111111111111111111111111111111111111111111111111111111111111111111111111111111111111000000000000000000000000000000000000000000000000000000000000000000000000000000
111111111111111111111111111111111111111111111111111111111111111111111111111111111111111111111111111111111111111111111111111111111111111111111111111111111111111111111000000000000000000000000000000000000000000000000000000000000000000
111111111100000000000111111111000000000001111111100000000000111111100000000000111111000000000001111100000000000111100000000000111000000000001100000000000100000000000000000000000000000000000000000000000000000000000000000000000000000
111111111110000000000111111111100000000001111111110000000000111111110000000000111111100000000001111110000000000111110000000000111100000000001110000000000110000000000100000000000000000000000000000000000000000000000000000000000000000
111111111111000000000111111111110000000001111111111000000000111111111000000000111111110000000001111111000000000111111000000000111110000000001111000000000111000000000110000000001000000000000000000000000000000000000000000000000000000
111111111111100000000111111111111000000001111111111100000000111111111100000000111111111000000001111111100000000111111100000000111111000000001111100000000111100000000111000000001100000000100000000000000000000000000000000000000000000
111111111111110000000111111111111100000001111111111110000000111111111110000000111111111100000001111111110000000111111110000000111111100000001111110000000111110000000111100000001110000000110000000100000000000000000000000000000000000
111111111111111000000111111111111110000001111111111111000000111111111111000000111111111110000001111111111000000111111111000000111111110000001111111000000111111000000111110000001111000000111000000110000001000000000000000000000000000
111111111111111100000111111111111111000001111111111111100000111111111111100000111111111111000001111111111100000111111111100000111111111000001111111100000111111100000111111000001111100000111100000111000001100000100000000000000000000
111111111111111110000111111111111111100001111111111111110000111111111111110000111111111111100001111111111110000111111111110000111111111100001111111110000111111110000111111100001111110000111110000111100001110000110000100000000000000
111111111111111111000111111111111111110001111111111111111000111111111111111000111111111111110001111111111111000111111111111000111111111110001111111111000111111111000111111110001111111000111111000111110001111000111000110001000000000
111111111111111111100111111111111111111001111111111111111100111111111111111100111111111111111001111111111111100111111111111100111111111111001111111111100111111111100111111111001111111100111111100111111001111100111100111001100100000
111111111111111111110111111111111111111101111111111111111110111111111111111110111111111111111101111111111111110111111111111110111111111111101111111111110111111111110111111111101111111110111111110111111101111110111110111101110110100
# [7, 8, 8, 8, 8, 8, 8, 8, 8, 9, 9, 9, 10, 10, 18, 20, 20, 20, 21, 21, 21, 21]
# [8, 8, 8, 8, 8, 8, 8, 8, 8, 8, 8, 8, 8, 8, 21, 21, 21, 21, 21, 21, 21, 21]
8
# [3, 3, 3, 4, 4, 4, 5, 5, 5, 5, 5, 5, 5, 5, 6, 6, 6, 8, 19, 20, 21, 21]
# [4, 4, 4, 4, 4, 4, 4, 4, 4, 4, 4, 4, 4, 4, 4, 4, 4, 4, 21, 21, 21, 21]
4
# [0, 0, 0, 0, 0, 1, 1, 1, 1, 1, 1, 1, 1, 1, 1, 1, 1, 1, 2, 2, 2, 3]
# [0, 0, 0, 0, 0, 0, 0, 0, 0, 0, 0, 0, 0, 0, 0, 0, 0, 0, 0, 0, 0, 0]
0
# [0, 0, 1, 1, 1, 14, 15, 15, 15, 15, 15, 16, 16, 16, 16, 16, 16, 16, 16, 16, 17, 17]
# [0, 0, 0, 0, 0, 16, 16, 16, 16, 16, 16, 16, 16, 16, 16, 16, 16, 16, 16, 16, 16, 16]
17
# [7, 8, 8, 8, 8, 8, 9, 9, 9, 9, 9, 9, 10, 10, 20, 21, 21, 21, 21, 21, 21, 21]
# [8, 8, 8, 8, 8, 8, 8, 8, 8, 8, 8, 8, 8, 8, 21, 21, 21, 21, 21, 21, 21, 21]
8
# [0, 0, 1, 1, 15, 15, 16, 16, 16, 16, 16, 16, 16, 16, 17, 17, 17, 17, 17, 17, 17, 17]
# [0, 0, 0, 0, 17, 17, 17, 17, 17, 17, 17, 17, 17, 17, 17, 17, 17, 17, 17, 17, 17, 17]
18
# [1, 1, 15, 16, 17, 17, 17, 18, 18, 18, 18, 18, 18, 18, 18, 18, 19, 19, 19, 19, 19, 19]
# [0, 0, 19, 19, 19, 19, 19, 19, 19, 19, 19, 19, 19, 19, 19, 19, 19, 19, 19, 19, 19, 19]
20
# [0, 1, 1, 2, 15, 16, 16, 17, 17, 17, 17, 17, 17, 17, 17, 17, 17, 17, 17, 17, 18, 18]
# [0, 0, 0, 0, 17, 17, 17, 17, 17, 17, 17, 17, 17, 17, 17, 17, 17, 17, 17, 17, 17, 17]
18
# [0, 0, 0, 0, 13, 14, 14, 15, 15, 15, 15, 16, 16, 16, 16, 16, 16, 17, 17, 17, 17, 17]
# [0, 0, 0, 0, 17, 17, 17, 17, 17, 17, 17, 17, 17, 17, 17, 17, 17, 17, 17, 17, 17, 17]
18
# [0, 1, 1, 16, 16, 16, 17, 17, 17, 17, 17, 17, 18, 18, 18, 18, 18, 18, 18, 18, 19, 19]
# [0, 0, 0, 18, 18, 18, 18, 18, 18, 18, 18, 18, 18, 18, 18, 18, 18, 18, 18, 18, 18, 18]
19
# [0, 0, 16, 17, 17, 17, 18, 18, 18, 18, 18, 18, 18, 18, 18, 19, 19, 19, 19, 19, 19, 19]
# [0, 0, 19, 19, 19, 19, 19, 19, 19, 19, 19, 19, 19, 19, 19, 19, 19, 19, 19, 19, 19, 19]
20
# [0, 0, 0, 0, 0, 0, 0, 0, 0, 0, 0, 0, 1, 1, 1, 1, 1, 1, 1, 1, 1, 1]
# [0, 0, 0, 0, 0, 0, 0, 0, 0, 0, 0, 0, 0, 0, 0, 0, 0, 0, 0, 0, 0, 0]
0
# [1, 1, 1, 1, 1, 2, 3, 11, 12, 13, 13, 13, 14, 14, 14, 14, 14, 14, 14, 14, 15, 15]
# [0, 0, 0, 0, 0, 0, 0, 14, 14, 14, 14, 14, 14, 14, 14, 14, 14, 14, 14, 14, 14, 14]
15
# [0, 0, 0, 1, 1, 1, 1, 1, 1, 2, 10, 10, 11, 11, 11, 11, 11, 11, 11, 12, 12, 13]
# [0, 0, 0, 0, 0, 0, 0, 0, 0, 0, 11, 11, 11, 11, 11, 11, 11, 11, 11, 11, 11, 11]
12
# [0, 0, 1, 1, 1, 13, 14, 14, 15, 15, 15, 15, 15, 16, 16, 16, 16, 16, 16, 16, 16, 17]
# [0, 0, 0, 0, 0, 16, 16, 16, 16, 16, 16, 16, 16, 16, 16, 16, 16, 16, 16, 16, 16, 16]
17
# [8, 9, 9, 9, 9, 9, 9, 10, 10, 10, 10, 10, 10, 18, 20, 20, 20, 20, 21, 21, 21, 21]
# [9, 9, 9, 9, 9, 9, 9, 9, 9, 9, 9, 9, 9, 21, 21, 21, 21, 21, 21, 21, 21, 21]
9
# [7, 7, 8, 8, 9, 9, 9, 9, 9, 9, 10, 10, 10, 18, 18, 18, 19, 19, 20, 20, 21, 21]
# [9, 9, 9, 9, 9, 9, 9, 9, 9, 9, 9, 9, 9, 21, 21, 21, 21, 21, 21, 21, 21, 21]
9
# [0, 0, 0, 1, 1, 2, 3, 12, 12, 13, 13, 13, 14, 14, 14, 14, 14, 14, 14, 14, 15, 15]
# [0, 0, 0, 0, 0, 0, 0, 14, 14, 14, 14, 14, 14, 14, 14, 14, 14, 14, 14, 14, 14, 14]
15
# [0, 17, 18, 19, 19, 19, 19, 19, 20, 20, 20, 20, 20, 20, 20, 20, 20, 20, 20, 20, 20, 20]
# [0, 20, 20, 20, 20, 20, 20, 20, 20, 20, 20, 20, 20, 20, 20, 20, 20, 20, 20, 20, 20, 20]
21
# [0, 0, 0, 0, 1, 1, 1, 1, 1, 2, 2, 8, 9, 9, 10, 10, 10, 10, 10, 11, 11, 11]
# [0, 0, 0, 0, 0, 0, 0, 0, 0, 0, 0, 10, 10, 10, 10, 10, 10, 10, 10, 10, 10, 10]
11
# [0, 0, 0, 0, 1, 1, 1, 2, 2, 2, 9, 10, 10, 10, 10, 10, 11, 11, 11, 11, 12, 12]
# [0, 0, 0, 0, 0, 0, 0, 0, 0, 0, 11, 11, 11, 11, 11, 11, 11, 11, 11, 11, 11, 11]
12
# [0, 0, 0, 0, 1, 1, 1, 1, 1, 1, 1, 1, 1, 1, 1, 2, 2, 2, 2, 2, 2, 3]
# [0, 0, 0, 0, 0, 0, 0, 0, 0, 0, 0, 0, 0, 0, 0, 0, 0, 0, 0, 0, 0, 0]
0
# [7, 7, 8, 8, 8, 8, 8, 8, 9, 9, 9, 10, 10, 10, 19, 19, 20, 21, 21, 21, 21, 21]
# [8, 8, 8, 8, 8, 8, 8, 8, 8, 8, 8, 8, 8, 8, 21, 21, 21, 21, 21, 21, 21, 21]
8
# [1, 1, 2, 2, 2, 2, 2, 2, 2, 2, 3, 3, 3, 3, 3, 3, 3, 4, 4, 4, 19, 20]
# [2, 2, 2, 2, 2, 2, 2, 2, 2, 2, 2, 2, 2, 2, 2, 2, 2, 2, 2, 2, 21, 21]
2
# [1, 1, 1, 1, 1, 1, 1, 1, 1, 1, 1, 1, 1, 1, 2, 2, 2, 2, 2, 2, 3, 21]
# [1, 1, 1, 1, 1, 1, 1, 1, 1, 1, 1, 1, 1, 1, 1, 1, 1, 1, 1, 1, 1, 21]
1
# [0, 0, 0, 1, 1, 2, 13, 14, 14, 14, 14, 14, 14, 15, 15, 15, 15, 15, 15, 15, 15, 17]
# [0, 0, 0, 0, 0, 0, 15, 15, 15, 15, 15, 15, 15, 15, 15, 15, 15, 15, 15, 15, 15, 15]
16
# [0, 1, 1, 1, 1, 1, 1, 2, 2, 2, 2, 2, 2, 2, 2, 2, 2, 2, 2, 3, 3, 20]
# [1, 1, 1, 1, 1, 1, 1, 1, 1, 1, 1, 1, 1, 1, 1, 1, 1, 1, 1, 1, 1, 21]
1
# [9, 10, 10, 10, 10, 10, 10, 10, 10, 10, 11, 11, 19, 20, 21, 21, 21, 21, 21, 21, 21, 21]
# [10, 10, 10, 10, 10, 10, 10, 10, 10, 10, 10, 10, 21, 21, 21, 21, 21, 21, 21, 21, 21, 21]
10
# [8, 8, 9, 9, 10, 10, 10, 10, 11, 11, 11, 11, 19, 19, 19, 20, 20, 20, 20, 21, 21, 21]
# [10, 10, 10, 10, 10, 10, 10, 10, 10, 10, 10, 10, 21, 21, 21, 21, 21, 21, 21, 21, 21, 21]
10
# [0, 0, 0, 0, 0, 0, 0, 1, 1, 1, 1, 1, 1, 1, 1, 2, 2, 2, 2, 2, 2, 2]
# [0, 0, 0, 0, 0, 0, 0, 0, 0, 0, 0, 0, 0, 0, 0, 0, 0, 0, 0, 0, 0, 0]
0
# [0, 1, 1, 1, 2, 2, 14, 14, 14, 14, 14, 15, 15, 15, 15, 15, 15, 15, 15, 15, 16, 16]
# [0, 0, 0, 0, 0, 0, 15, 15, 15, 15, 15, 15, 15, 15, 15, 15, 15, 15, 15, 15, 15, 15]
16
# [0, 0, 0, 0, 0, 0, 0, 0, 0, 0, 0, 0, 0, 1, 1, 1, 1, 1, 1, 2, 2, 2]
# [0, 0, 0, 0, 0, 0, 0, 0, 0, 0, 0, 0, 0, 0, 0, 0, 0, 0, 0, 0, 0, 0]
0
# [5, 5, 5, 6, 6, 6, 6, 7, 7, 7, 7, 7, 7, 7, 8, 8, 17, 19, 19, 19, 21, 21]
# [6, 6, 6, 6, 6, 6, 6, 6, 6, 6, 6, 6, 6, 6, 6, 6, 21, 21, 21, 21, 21, 21]
6
# [3, 3, 4, 4, 4, 4, 5, 5, 5, 5, 5, 5, 5, 5, 5, 6, 6, 7, 18, 20, 21, 21]
# [4, 4, 4, 4, 4, 4, 4, 4, 4, 4, 4, 4, 4, 4, 4, 4, 4, 4, 21, 21, 21, 21]
4
# [0, 0, 16, 17, 17, 18, 18, 18, 18, 18, 18, 18, 19, 19, 19, 19, 19, 19, 19, 19, 19, 19]
# [0, 0, 19, 19, 19, 19, 19, 19, 19, 19, 19, 19, 19, 19, 19, 19, 19, 19, 19, 19, 19, 19]
20
# [1, 1, 1, 1, 1, 2, 2, 2, 2, 2, 2, 2, 2, 2, 2, 3, 3, 3, 4, 4, 5, 21]
# [1, 1, 1, 1, 1, 1, 1, 1, 1, 1, 1, 1, 1, 1, 1, 1, 1, 1, 1, 1, 1, 21]
1
# [9, 9, 9, 9, 10, 10, 10, 10, 11, 11, 11, 11, 19, 19, 20, 20, 20, 20, 21, 21, 21, 21]
# [10, 10, 10, 10, 10, 10, 10, 10, 10, 10, 10, 10, 21, 21, 21, 21, 21, 21, 21, 21, 21, 21]
10
# [8, 8, 9, 9, 9, 9, 10, 10, 10, 10, 11, 11, 11, 18, 19, 20, 21, 21, 21, 21, 21, 21]
# [9, 9, 9, 9, 9, 9, 9, 9, 9, 9, 9, 9, 9, 21, 21, 21, 21, 21, 21, 21, 21, 21]
9
# [0, 0, 0, 0, 0, 0, 0, 0, 2, 2, 10, 10, 10, 10, 10, 10, 11, 11, 11, 12, 12, 13]
# [0, 0, 0, 0, 0, 0, 0, 0, 0, 0, 11, 11, 11, 11, 11, 11, 11, 11, 11, 11, 11, 11]
12
# [2, 3, 3, 3, 3, 3, 3, 4, 4, 4, 4, 4, 4, 4, 4, 4, 4, 4, 5, 20, 20, 21]
# [3, 3, 3, 3, 3, 3, 3, 3, 3, 3, 3, 3, 3, 3, 3, 3, 3, 3, 3, 21, 21, 21]
3
# [7, 7, 7, 7, 8, 8, 8, 8, 9, 9, 9, 9, 9, 9, 19, 19, 19, 21, 21, 21, 21, 21]
# [8, 8, 8, 8, 8, 8, 8, 8, 8, 8, 8, 8, 8, 8, 21, 21, 21, 21, 21, 21, 21, 21]
8
# [0, 17, 17, 18, 18, 18, 18, 18, 19, 19, 19, 19, 19, 19, 20, 20, 20, 20, 20, 20, 20, 20]
# [0, 20, 20, 20, 20, 20, 20, 20, 20, 20, 20, 20, 20, 20, 20, 20, 20, 20, 20, 20, 20, 20]
21
# [1, 2, 2, 2, 3, 3, 3, 3, 3, 3, 3, 3, 4, 4, 4, 4, 5, 5, 5, 19, 19, 20]
# [3, 3, 3, 3, 3, 3, 3, 3, 3, 3, 3, 3, 3, 3, 3, 3, 3, 3, 3, 21, 21, 21]
3
# [1, 2, 2, 2, 2, 2, 2, 2, 3, 3, 3, 3, 3, 4, 4, 4, 4, 4, 5, 5, 20, 20]
# [2, 2, 2, 2, 2, 2, 2, 2, 2, 2, 2, 2, 2, 2, 2, 2, 2, 2, 2, 2, 21, 21]
2
# [1, 18, 19, 19, 19, 19, 19, 20, 20, 20, 20, 20, 20, 20, 20, 20, 20, 20, 20, 20, 20, 20]
# [0, 20, 20, 20, 20, 20, 20, 20, 20, 20, 20, 20, 20, 20, 20, 20, 20, 20, 20, 20, 20, 20]
21
# [2, 2, 2, 2, 2, 2, 2, 2, 2, 2, 3, 3, 3, 3, 3, 3, 3, 4, 4, 5, 21, 21]
# [2, 2, 2, 2, 2, 2, 2, 2, 2, 2, 2, 2, 2, 2, 2, 2, 2, 2, 2, 2, 21, 21]
2
# [8, 8, 8, 8, 9, 9, 9, 9, 10, 10, 10, 10, 11, 18, 18, 19, 19, 20, 20, 21, 21, 21]
# [9, 9, 9, 9, 9, 9, 9, 9, 9, 9, 9, 9, 9, 21, 21, 21, 21, 21, 21, 21, 21, 21]
9
# [0, 0, 1, 14, 16, 16, 16, 16, 16, 17, 17, 17, 17, 17, 17, 18, 18, 18, 18, 18, 18, 19]
# [0, 0, 0, 18, 18, 18, 18, 18, 18, 18, 18, 18, 18, 18, 18, 18, 18, 18, 18, 18, 18, 18]
19
# [2, 2, 3, 3, 3, 3, 3, 3, 3, 3, 3, 4, 4, 4, 4, 4, 5, 5, 6, 19, 19, 21]
# [3, 3, 3, 3, 3, 3, 3, 3, 3, 3, 3, 3, 3, 3, 3, 3, 3, 3, 3, 21, 21, 21]
3
# [5, 5, 5, 6, 6, 6, 6, 6, 6, 6, 6, 7, 7, 8, 8, 10, 20, 20, 20, 20, 20, 21]
# [6, 6, 6, 6, 6, 6, 6, 6, 6, 6, 6, 6, 6, 6, 6, 6, 21, 21, 21, 21, 21, 21]
6
# [6, 6, 6, 6, 7, 7, 7, 7, 7, 7, 7, 8, 8, 8, 9, 19, 20, 20, 20, 21, 21, 21]
# [7, 7, 7, 7, 7, 7, 7, 7, 7, 7, 7, 7, 7, 7, 7, 21, 21, 21, 21, 21, 21, 21]
7
# [0, 0, 0, 0, 1, 1, 2, 12, 12, 13, 13, 13, 13, 13, 13, 13, 14, 14, 14, 14, 14, 15]
# [0, 0, 0, 0, 0, 0, 0, 14, 14, 14, 14, 14, 14, 14, 14, 14, 14, 14, 14, 14, 14, 14]
15
# [4, 4, 4, 4, 5, 5, 5, 5, 5, 5, 5, 5, 5, 5, 5, 5, 7, 7, 20, 20, 21, 21]
# [4, 4, 4, 4, 4, 4, 4, 4, 4, 4, 4, 4, 4, 4, 4, 4, 4, 4, 21, 21, 21, 21]
4
# [0, 0, 0, 0, 0, 0, 1, 1, 1, 1, 2, 10, 10, 10, 10, 10, 10, 10, 10, 10, 10, 10]
# [0, 0, 0, 0, 0, 0, 0, 0, 0, 0, 0, 0, 0, 0, 0, 0, 0, 0, 0, 0, 0, 0]
0
# [7, 7, 8, 8, 8, 8, 8, 8, 9, 9, 9, 9, 9, 9, 20, 20, 20, 20, 21, 21, 21, 21]
# [8, 8, 8, 8, 8, 8, 8, 8, 8, 8, 8, 8, 8, 8, 21, 21, 21, 21, 21, 21, 21, 21]
8
# [0, 0, 0, 1, 1, 1, 1, 11, 12, 13, 13, 13, 13, 14, 14, 14, 14, 14, 14, 15, 15, 15]
# [0, 0, 0, 0, 0, 0, 0, 14, 14, 14, 14, 14, 14, 14, 14, 14, 14, 14, 14, 14, 14, 14]
15
# [1, 3, 16, 17, 17, 17, 17, 17, 17, 17, 17, 18, 18, 18, 19, 19, 19, 19, 20, 20, 20, 20]
# [0, 0, 19, 19, 19, 19, 19, 19, 19, 19, 19, 19, 19, 19, 19, 19, 19, 19, 19, 19, 19, 19]
20
# [0, 0, 1, 1, 1, 13, 14, 15, 15, 15, 15, 15, 15, 15, 16, 16, 16, 16, 16, 16, 16, 17]
# [0, 0, 0, 0, 0, 16, 16, 16, 16, 16, 16, 16, 16, 16, 16, 16, 16, 16, 16, 16, 16, 16]
17
# [8, 8, 8, 9, 9, 9, 9, 9, 9, 10, 10, 10, 12, 18, 18, 19, 19, 20, 20, 20, 21, 21]
# [9, 9, 9, 9, 9, 9, 9, 9, 9, 9, 9, 9, 9, 21, 21, 21, 21, 21, 21, 21, 21, 21]
9
# [0, 0, 0, 15, 16, 16, 16, 16, 16, 17, 17, 17, 18, 18, 18, 18, 18, 18, 18, 18, 18, 18]
# [0, 0, 0, 18, 18, 18, 18, 18, 18, 18, 18, 18, 18, 18, 18, 18, 18, 18, 18, 18, 18, 18]
19
# [1, 1, 1, 1, 1, 1, 1, 2, 2, 2, 2, 2, 2, 2, 2, 2, 2, 3, 3, 3, 3, 21]
# [1, 1, 1, 1, 1, 1, 1, 1, 1, 1, 1, 1, 1, 1, 1, 1, 1, 1, 1, 1, 1, 21]
1
# [0, 0, 1, 1, 2, 15, 15, 15, 15, 15, 15, 15, 16, 16, 16, 16, 16, 16, 16, 16, 16, 17]
# [0, 0, 0, 0, 0, 16, 16, 16, 16, 16, 16, 16, 16, 16, 16, 16, 16, 16, 16, 16, 16, 16]
17
# [0, 0, 0, 0, 0, 0, 0, 0, 0, 0, 0, 1, 1, 1, 1, 1, 1, 2, 2, 2, 2, 4]
# [0, 0, 0, 0, 0, 0, 0, 0, 0, 0, 0, 0, 0, 0, 0, 0, 0, 0, 0, 0, 0, 0]
0
# [6, 6, 6, 6, 6, 6, 6, 6, 6, 7, 7, 7, 7, 7, 8, 8, 20, 21, 21, 21, 21, 21]
# [6, 6, 6, 6, 6, 6, 6, 6, 6, 6, 6, 6, 6, 6, 6, 6, 21, 21, 21, 21, 21, 21]
6
# [6, 6, 6, 7, 7, 7, 7, 7, 8, 8, 9, 9, 9, 10, 10, 20, 20, 20, 20, 20, 21, 21]
# [7, 7, 7, 7, 7, 7, 7, 7, 7, 7, 7, 7, 7, 7, 7, 21, 21, 21, 21, 21, 21, 21]
7
# [4, 4, 4, 4, 4, 5, 5, 5, 5, 5, 5, 6, 6, 6, 6, 6, 6, 18, 19, 21, 21, 21]
# [5, 5, 5, 5, 5, 5, 5, 5, 5, 5, 5, 5, 5, 5, 5, 5, 5, 21, 21, 21, 21, 21]
5
# [2, 2, 2, 2, 2, 2, 2, 2, 2, 3, 3, 3, 3, 3, 3, 3, 3, 3, 4, 4, 19, 20]
# [2, 2, 2, 2, 2, 2, 2, 2, 2, 2, 2, 2, 2, 2, 2, 2, 2, 2, 2, 2, 21, 21]
2
# [8, 8, 8, 9, 9, 9, 9, 9, 10, 10, 10, 10, 11, 19, 20, 20, 20, 20, 20, 21, 21, 21]
# [9, 9, 9, 9, 9, 9, 9, 9, 9, 9, 9, 9, 9, 21, 21, 21, 21, 21, 21, 21, 21, 21]
9
# [0, 0, 1, 1, 1, 2, 12, 13, 13, 14, 14, 14, 14, 14, 15, 15, 15, 15, 15, 16, 16, 16]
# [0, 0, 0, 0, 0, 0, 15, 15, 15, 15, 15, 15, 15, 15, 15, 15, 15, 15, 15, 15, 15, 15]
16
# [0, 0, 0, 1, 1, 1, 1, 2, 12, 12, 13, 13, 13, 13, 13, 13, 13, 13, 13, 13, 14, 14]
# [0, 0, 0, 0, 0, 0, 0, 0, 13, 13, 13, 13, 13, 13, 13, 13, 13, 13, 13, 13, 13, 13]
14
# [7, 8, 9, 9, 10, 10, 10, 10, 10, 10, 10, 10, 19, 19, 20, 20, 20, 20, 20, 21, 21, 21]
# [10, 10, 10, 10, 10, 10, 10, 10, 10, 10, 10, 10, 21, 21, 21, 21, 21, 21, 21, 21, 21, 21]
10
# [7, 7, 7, 8, 8, 8, 8, 8, 8, 8, 8, 9, 9, 9, 9, 19, 20, 20, 21, 21, 21, 21]
# [7, 7, 7, 7, 7, 7, 7, 7, 7, 7, 7, 7, 7, 7, 7, 21, 21, 21, 21, 21, 21, 21]
7
# [0, 0, 1, 1, 1, 1, 2, 3, 12, 12, 13, 13, 13, 13, 13, 14, 14, 14, 14, 14, 14, 14]
# [0, 0, 0, 0, 0, 0, 0, 0, 13, 13, 13, 13, 13, 13, 13, 13, 13, 13, 13, 13, 13, 13]
14
# [1, 2, 2, 2, 2, 2, 2, 2, 2, 2, 2, 3, 3, 3, 3, 3, 3, 3, 4, 4, 20, 20]
# [2, 2, 2, 2, 2, 2, 2, 2, 2, 2, 2, 2, 2, 2, 2, 2, 2, 2, 2, 2, 21, 21]
2
# [0, 1, 2, 15, 15, 15, 15, 16, 16, 17, 17, 17, 17, 17, 17, 18, 18, 18, 18, 18, 18, 19]
# [0, 0, 0, 18, 18, 18, 18, 18, 18, 18, 18, 18, 18, 18, 18, 18, 18, 18, 18, 18, 18, 18]
19
# [0, 0, 1, 1, 2, 2, 12, 13, 13, 13, 14, 14, 14, 15, 15, 15, 15, 15, 15, 15, 15, 17]
# [0, 0, 0, 0, 0, 0, 15, 15, 15, 15, 15, 15, 15, 15, 15, 15, 15, 15, 15, 15, 15, 15]
16
# [8, 8, 8, 9, 9, 9, 9, 9, 10, 10, 10, 10, 11, 18, 18, 18, 18, 20, 20, 20, 20, 20]
# [9, 9, 9, 9, 9, 9, 9, 9, 9, 9, 9, 9, 9, 21, 21, 21, 21, 21, 21, 21, 21, 21]
9
# [2, 2, 3, 3, 3, 3, 3, 4, 4, 4, 4, 4, 4, 4, 4, 5, 5, 5, 6, 19, 19, 20]
# [3, 3, 3, 3, 3, 3, 3, 3, 3, 3, 3, 3, 3, 3, 3, 3, 3, 3, 3, 21, 21, 21]
3
# [9, 9, 9, 9, 10, 10, 10, 10, 11, 11, 11, 12, 18, 19, 20, 20, 20, 20, 21, 21, 21, 21]
# [10, 10, 10, 10, 10, 10, 10, 10, 10, 10, 10, 10, 21, 21, 21, 21, 21, 21, 21, 21, 21, 21]
10
# [1, 18, 18, 18, 19, 19, 19, 19, 19, 19, 19, 20, 20, 20, 20, 20, 20, 20, 20, 20, 20, 20]
# [0, 20, 20, 20, 20, 20, 20, 20, 20, 20, 20, 20, 20, 20, 20, 20, 20, 20, 20, 20, 20, 20]
21
# [9, 9, 9, 9, 9, 9, 10, 10, 10, 10, 10, 10, 18, 19, 19, 20, 20, 20, 21, 21, 21, 21]
# [10, 10, 10, 10, 10, 10, 10, 10, 10, 10, 10, 10, 21, 21, 21, 21, 21, 21, 21, 21, 21, 21]
10
# [0, 0, 0, 0, 0, 0, 0, 1, 1, 3, 10, 11, 11, 11, 11, 11, 11, 11, 11, 11, 12, 12]
# [0, 0, 0, 0, 0, 0, 0, 0, 0, 0, 11, 11, 11, 11, 11, 11, 11, 11, 11, 11, 11, 11]
12
# [0, 0, 0, 1, 1, 1, 2, 12, 13, 13, 13, 13, 13, 13, 14, 14, 14, 14, 14, 14, 14, 15]
# [0, 0, 0, 0, 0, 0, 0, 14, 14, 14, 14, 14, 14, 14, 14, 14, 14, 14, 14, 14, 14, 14]
15
# [3, 3, 4, 4, 4, 4, 4, 5, 5, 5, 5, 5, 5, 5, 5, 6, 7, 7, 20, 20, 21, 21]
# [4, 4, 4, 4, 4, 4, 4, 4, 4, 4, 4, 4, 4, 4, 4, 4, 4, 4, 21, 21, 21, 21]
4
# [4, 5, 5, 5, 5, 5, 5, 5, 5, 5, 6, 6, 6, 6, 6, 7, 7, 20, 20, 20, 20, 21]
# [5, 5, 5, 5, 5, 5, 5, 5, 5, 5, 5, 5, 5, 5, 5, 5, 5, 21, 21, 21, 21, 21]
5
# [6, 6, 6, 7, 7, 7, 7, 7, 7, 7, 7, 7, 7, 8, 8, 19, 19, 20, 20, 20, 21, 21]
# [7, 7, 7, 7, 7, 7, 7, 7, 7, 7, 7, 7, 7, 7, 7, 21, 21, 21, 21, 21, 21, 21]
7
# [0, 0, 0, 0, 0, 0, 1, 1, 1, 1, 1, 1, 1, 1, 1, 2, 2, 2, 2, 2, 2, 3]
# [0, 0, 0, 0, 0, 0, 0, 0, 0, 0, 0, 0, 0, 0, 0, 0, 0, 0, 0, 0, 0, 0]
0
# [1, 1, 1, 2, 15, 15, 16, 16, 16, 17, 17, 17, 17, 17, 17, 17, 17, 17, 18, 18, 18, 18]
# [0, 0, 0, 0, 17, 17, 17, 17, 17, 17, 17, 17, 17, 17, 17, 17, 17, 17, 17, 17, 17, 17]
18
# [0, 0, 1, 1, 1, 1, 2, 2, 2, 2, 3, 10, 10, 10, 10, 10, 10, 10, 11, 11, 11, 12]
# [0, 0, 0, 0, 0, 0, 0, 0, 0, 0, 0, 10, 10, 10, 10, 10, 10, 10, 10, 10, 10, 10]
11
# [0, 0, 1, 2, 2, 2, 2, 2, 12, 12, 12, 12, 12, 13, 13, 13, 13, 13, 14, 14, 14, 14]
# [0, 0, 0, 0, 0, 0, 0, 0, 13, 13, 13, 13, 13, 13, 13, 13, 13, 13, 13, 13, 13, 13]
14
# [1, 1, 1, 1, 1, 1, 1, 1, 1, 1, 1, 1, 1, 1, 1, 2, 2, 2, 2, 3, 3, 21]
# [1, 1, 1, 1, 1, 1, 1, 1, 1, 1, 1, 1, 1, 1, 1, 1, 1, 1, 1, 1, 1, 21]
1
# [6, 6, 6, 6, 7, 7, 7, 7, 7, 7, 8, 8, 8, 9, 9, 19, 20, 20, 20, 21, 21, 21]
# [7, 7, 7, 7, 7, 7, 7, 7, 7, 7, 7, 7, 7, 7, 7, 21, 21, 21, 21, 21, 21, 21]
7
# [0, 0, 1, 2, 4, 15, 15, 15, 15, 15, 16, 16, 16, 16, 16, 16, 16, 16, 16, 16, 17, 17]
# [0, 0, 0, 0, 0, 16, 16, 16, 16, 16, 16, 16, 16, 16, 16, 16, 16, 16, 16, 16, 16, 16]
17
# [3, 4, 5, 5, 5, 5, 5, 5, 5, 5, 6, 6, 6, 6, 6, 6, 6, 19, 20, 20, 21, 21]
# [5, 5, 5, 5, 5, 5, 5, 5, 5, 5, 5, 5, 5, 5, 5, 5, 5, 21, 21, 21, 21, 21]
5
# [1, 1, 1, 1, 1, 1, 1, 1, 2, 2, 2, 2, 2, 2, 2, 2, 2, 3, 3, 3, 4, 21]
# [1, 1, 1, 1, 1, 1, 1, 1, 1, 1, 1, 1, 1, 1, 1, 1, 1, 1, 1, 1, 1, 21]
1
# [1, 17, 17, 17, 17, 17, 18, 18, 18, 19, 19, 19, 19, 19, 19, 20, 20, 20, 20, 20, 20, 20]
# [0, 20, 20, 20, 20, 20, 20, 20, 20, 20, 20, 20, 20, 20, 20, 20, 20, 20, 20, 20, 20, 20]
21
# [0, 0, 0, 0, 0, 0, 0, 0, 0, 0, 0, 0, 0, 0, 1, 1, 1, 1, 1, 1, 1, 1]
# [0, 0, 0, 0, 0, 0, 0, 0, 0, 0, 0, 0, 0, 0, 0, 0, 0, 0, 0, 0, 0, 0]
0
# [3, 4, 4, 5, 5, 5, 5, 5, 5, 5, 6, 6, 6, 6, 6, 7, 8, 19, 20, 20, 20, 20]
# [5, 5, 5, 5, 5, 5, 5, 5, 5, 5, 5, 5, 5, 5, 5, 5, 5, 21, 21, 21, 21, 21]
5
# [0, 0, 1, 1, 2, 2, 2, 3, 11, 11, 12, 12, 12, 13, 13, 13, 13, 13, 14, 14, 14, 14]
# [0, 0, 0, 0, 0, 0, 0, 0, 13, 13, 13, 13, 13, 13, 13, 13, 13, 13, 13, 13, 13, 13]
14
# [1, 2, 2, 2, 2, 2, 2, 2, 2, 2, 2, 2, 2, 2, 2, 3, 3, 3, 3, 4, 20, 21]
# [2, 2, 2, 2, 2, 2, 2, 2, 2, 2, 2, 2, 2, 2, 2, 2, 2, 2, 2, 2, 21, 21]
2
