6
000000000000000
100000000000000
110000000000000
100000000100000
111000000000000
110001000000000
110000100000000
110000000000100
100000000100001
111100000000000
111001000000000
111000010000000
111000000000001
110001000000100
110000100100000
110000100010000
110000100000001
110000000000110
111110000000000
111101000000000
111100001000000
111001100000000
111001010000000
111001000000100
111001000000001
111000011000000
111000010010000
111000010001000
111000010000001
110001000000110
110000100100001
110000100010100
110000100010010
111111000000000
111101100000000
111101001000000
111101000000100
111101000000010
111100001001000
111001100100000
111001100010000
111001100000001
111001010001000
111001010000100
111001010000010
111001000000110
111001000000101
111000011010000
47
41
47
20
47
47
23
44
47
47
44
47
40
10
27
47
45
47
47
40
47
42
26
47
38
47
46
27
28
47
47
40
47
44
47
37
15
43
47
47
47
47
47
35
47
34
47
47
45
47
47
47
47
3
23
31
23
47
27
47
47
38
47
35
47
4
44
46
46
47
6
47
47
47
47
47
47
47
45
17
36
47
26
37
7
20
7
32
47
11
47
27
47
44
47
37
47
47
47
25
