14
0000000000000000000000000000000000000000000000000000000000000000000000000000000000000000000
1111111111111000000000000000000000000000000000000000000000000000000000000000000000000000000
1111111111111111111111111000000000000000000000000000000000000000000000000000000000000000000
1111111111111111111111111111111111110000000000000000000000000000000000000000000000000000000
1111111111111111111111111111111111111111111111000000000000000000000000000000000000000000000
1111111111111111111111111111111111111111111111111111111000000000000000000000000000000000000
1111111111111111111111111111111111111111111111111111111111111110000000000000000000000000000
1111110000000111110000000111100000001110000000110000000100000000000000000000000000000000000
1111111000000111111000000111110000001111000000111000000110000001000000000000000000000000000
1111111100000111111100000111111000001111100000111100000111000001100000100000000000000000000
1111111110000111111110000111111100001111110000111110000111100001110000110000100000000000000
1111111111000111111111000111111110001111111000111111000111110001111000111000110001000000000
1111111111100111111111100111111111001111111100111111100111111001111100111100111001100100000
1111111111110111111111110111111111101111111110111111110111111101111110111110111101110110100
# [1, 1, 1, 1, 1, 1, 2, 2, 2, 2, 3, 3, 3, 13]
# [1, 1, 1, 1, 1, 1, 1, 1, 1, 1, 1, 1, 1, 13]
1
# [1, 1, 1, 1, 1, 1, 1, 1, 2, 2, 2, 2, 3, 13]
# [1, 1, 1, 1, 1, 1, 1, 1, 1, 1, 1, 1, 1, 13]
1
# [0, 0, 0, 0, 0, 1, 7, 7, 7, 7, 7, 7, 7, 8]
# [0, 0, 0, 0, 0, 0, 7, 7, 7, 7, 7, 7, 7, 7]
8
# [3, 3, 3, 3, 3, 3, 3, 3, 4, 4, 5, 13, 13, 13]
# [3, 3, 3, 3, 3, 3, 3, 3, 3, 3, 3, 13, 13, 13]
3
# [1, 1, 1, 1, 1, 1, 1, 1, 1, 1, 2, 2, 2, 12]
# [1, 1, 1, 1, 1, 1, 1, 1, 1, 1, 1, 1, 1, 13]
1
# [3, 3, 3, 3, 3, 3, 4, 4, 4, 4, 5, 13, 13, 13]
# [3, 3, 3, 3, 3, 3, 3, 3, 3, 3, 3, 13, 13, 13]
3
# [0, 0, 0, 0, 1, 7, 7, 8, 8, 8, 8, 8, 8, 9]
# [0, 0, 0, 0, 0, 8, 8, 8, 8, 8, 8, 8, 8, 8]
9
# [0, 0, 0, 0, 0, 0, 0, 0, 0, 0, 0, 0, 0, 0]
# [0, 0, 0, 0, 0, 0, 0, 0, 0, 0, 0, 0, 0, 0]
0
# [2, 3, 3, 3, 3, 4, 4, 4, 5, 5, 6, 12, 13, 13]
# [3, 3, 3, 3, 3, 3, 3, 3, 3, 3, 3, 13, 13, 13]
3
# [1, 1, 1, 1, 1, 1, 1, 1, 1, 1, 1, 2, 2, 13]
# [1, 1, 1, 1, 1, 1, 1, 1, 1, 1, 1, 1, 1, 13]
1
# [0, 1, 1, 1, 1, 1, 1, 1, 1, 2, 2, 2, 2, 12]
# [1, 1, 1, 1, 1, 1, 1, 1, 1, 1, 1, 1, 1, 13]
1
# [1, 1, 1, 1, 1, 1, 1, 1, 2, 2, 2, 2, 3, 13]
# [1, 1, 1, 1, 1, 1, 1, 1, 1, 1, 1, 1, 1, 13]
1
# [2, 2, 2, 2, 2, 2, 2, 3, 3, 3, 3, 4, 13, 13]
# [2, 2, 2, 2, 2, 2, 2, 2, 2, 2, 2, 2, 13, 13]
2
# [0, 1, 2, 9, 9, 9, 10, 10, 10, 10, 10, 10, 10, 10]
# [0, 0, 0, 10, 10, 10, 10, 10, 10, 10, 10, 10, 10, 10]
11
# [4, 4, 4, 4, 4, 4, 4, 4, 5, 5, 13, 13, 13, 13]
# [4, 4, 4, 4, 4, 4, 4, 4, 4, 4, 13, 13, 13, 13]
4
# [3, 3, 3, 3, 3, 3, 3, 3, 3, 3, 4, 12, 13, 13]
# [3, 3, 3, 3, 3, 3, 3, 3, 3, 3, 3, 13, 13, 13]
3
# [0, 0, 1, 1, 1, 1, 2, 5, 6, 6, 6, 6, 6, 7]
# [0, 0, 0, 0, 0, 0, 0, 6, 6, 6, 6, 6, 6, 6]
7
# [0, 0, 0, 0, 2, 7, 7, 8, 8, 8, 8, 8, 9, 9]
# [0, 0, 0, 0, 0, 8, 8, 8, 8, 8, 8, 8, 8, 8]
9
# [0, 0, 0, 0, 9, 9, 9, 9, 9, 9, 9, 9, 9, 9]
# [0, 0, 0, 0, 9, 9, 9, 9, 9, 9, 9, 9, 9, 9]
10
# [0, 0, 0, 0, 0, 0, 0, 0, 0, 1, 1, 1, 1, 2]
# [0, 0, 0, 0, 0, 0, 0, 0, 0, 0, 0, 0, 0, 0]
0
# [2, 3, 3, 3, 3, 3, 3, 3, 3, 4, 4, 12, 13, 13]
# [3, 3, 3, 3, 3, 3, 3, 3, 3, 3, 3, 13, 13, 13]
3
# [0, 0, 0, 1, 8, 8, 8, 8, 9, 9, 9, 9, 9, 10]
# [0, 0, 0, 0, 9, 9, 9, 9, 9, 9, 9, 9, 9, 9]
10
# [3, 3, 4, 4, 4, 5, 5, 5, 5, 6, 12, 12, 13, 13]
# [4, 4, 4, 4, 4, 4, 4, 4, 4, 4, 13, 13, 13, 13]
4
# [0, 0, 1, 1, 7, 8, 8, 9, 9, 9, 9, 9, 9, 9]
# [0, 0, 0, 0, 9, 9, 9, 9, 9, 9, 9, 9, 9, 9]
10
# [1, 1, 2, 2, 2, 2, 2, 2, 3, 3, 3, 3, 11, 13]
# [2, 2, 2, 2, 2, 2, 2, 2, 2, 2, 2, 2, 13, 13]
2
# [0, 0, 0, 0, 0, 0, 0, 0, 0, 0, 1, 1, 1, 1]
# [0, 0, 0, 0, 0, 0, 0, 0, 0, 0, 0, 0, 0, 0]
0
# [3, 4, 4, 4, 4, 4, 4, 4, 4, 4, 12, 13, 13, 13]
# [4, 4, 4, 4, 4, 4, 4, 4, 4, 4, 13, 13, 13, 13]
4
# [5, 6, 6, 6, 6, 6, 6, 6, 12, 13, 13, 13, 13, 13]
# [6, 6, 6, 6, 6, 6, 6, 6, 13, 13, 13, 13, 13, 13]
6
# [4, 4, 4, 4, 4, 4, 4, 4, 4, 5, 12, 13, 13, 13]
# [4, 4, 4, 4, 4, 4, 4, 4, 4, 4, 13, 13, 13, 13]
4
# [0, 0, 0, 0, 8, 8, 8, 8, 9, 9, 9, 9, 9, 9]
# [0, 0, 0, 0, 9, 9, 9, 9, 9, 9, 9, 9, 9, 9]
10
# [4, 5, 5, 5, 5, 5, 5, 5, 5, 12, 13, 13, 13, 13]
# [5, 5, 5, 5, 5, 5, 5, 5, 5, 13, 13, 13, 13, 13]
5
# [1, 1, 1, 1, 1, 1, 1, 2, 2, 2, 2, 3, 3, 13]
# [1, 1, 1, 1, 1, 1, 1, 1, 1, 1, 1, 1, 1, 13]
1
# [0, 0, 0, 1, 1, 2, 6, 6, 6, 7, 7, 7, 7, 8]
# [0, 0, 0, 0, 0, 0, 7, 7, 7, 7, 7, 7, 7, 7]
8
# [0, 0, 0, 0, 1, 6, 7, 8, 8, 8, 8, 8, 8, 8]
# [0, 0, 0, 0, 0, 8, 8, 8, 8, 8, 8, 8, 8, 8]
9
# [1, 1, 1, 1, 1, 1, 1, 1, 1, 2, 2, 2, 2, 13]
# [1, 1, 1, 1, 1, 1, 1, 1, 1, 1, 1, 1, 1, 13]
1
# [0, 10, 11, 11, 11, 11, 12, 12, 12, 12, 12, 12, 12, 12]
# [0, 12, 12, 12, 12, 12, 12, 12, 12, 12, 12, 12, 12, 12]
13
# [0, 0, 0, 0, 0, 0, 0, 0, 0, 0, 0, 0, 1, 1]
# [0, 0, 0, 0, 0, 0, 0, 0, 0, 0, 0, 0, 0, 0]
0
# [0, 1, 11, 11, 11, 11, 11, 11, 11, 11, 11, 11, 11, 12]
# [0, 0, 11, 11, 11, 11, 11, 11, 11, 11, 11, 11, 11, 11]
12
# [5, 6, 6, 6, 6, 6, 6, 6, 12, 13, 13, 13, 13, 13]
# [6, 6, 6, 6, 6, 6, 6, 6, 13, 13, 13, 13, 13, 13]
6
# [0, 0, 0, 1, 8, 9, 9, 9, 9, 9, 9, 9, 9, 9]
# [0, 0, 0, 0, 9, 9, 9, 9, 9, 9, 9, 9, 9, 9]
10
# [2, 2, 2, 2, 2, 2, 2, 2, 3, 3, 3, 3, 13, 13]
# [2, 2, 2, 2, 2, 2, 2, 2, 2, 2, 2, 2, 13, 13]
2
# [0, 0, 1, 10, 10, 10, 10, 10, 10, 10, 10, 10, 10, 11]
# [0, 0, 0, 10, 10, 10, 10, 10, 10, 10, 10, 10, 10, 10]
11
# [5, 6, 6, 6, 6, 7, 7, 9, 12, 12, 13, 13, 13, 13]
# [6, 6, 6, 6, 6, 6, 6, 6, 13, 13, 13, 13, 13, 13]
6
# [0, 0, 0, 0, 1, 1, 7, 7, 7, 7, 7, 7, 8, 8]
# [0, 0, 0, 0, 0, 0, 7, 7, 7, 7, 7, 7, 7, 7]
8
# [3, 4, 4, 4, 4, 4, 4, 5, 5, 6, 12, 13, 13, 13]
# [4, 4, 4, 4, 4, 4, 4, 4, 4, 4, 13, 13, 13, 13]
4
# [0, 0, 1, 2, 9, 9, 9, 9, 9, 9, 9, 10, 10, 10]
# [0, 0, 0, 0, 9, 9, 9, 9, 9, 9, 9, 9, 9, 9]
10
# [0, 0, 0, 0, 0, 0, 0, 0, 0, 0, 1, 1, 1, 1]
# [0, 0, 0, 0, 0, 0, 0, 0, 0, 0, 0, 0, 0, 0]
0
# [0, 0, 0, 0, 9, 9, 9, 9, 9, 9, 9, 9, 9, 9]
# [0, 0, 0, 0, 9, 9, 9, 9, 9, 9, 9, 9, 9, 9]
10
# [0, 0, 0, 0, 0, 1, 6, 6, 7, 7, 7, 7, 7, 8]
# [0, 0, 0, 0, 0, 0, 7, 7, 7, 7, 7, 7, 7, 7]
8
# [0, 1, 9, 10, 10, 11, 11, 11, 11, 11, 11, 11, 11, 12]
# [0, 0, 11, 11, 11, 11, 11, 11, 11, 11, 11, 11, 11, 11]
12
# [5, 6, 6, 6, 6, 6, 6, 6, 12, 12, 12, 13, 13, 13]
# [6, 6, 6, 6, 6, 6, 6, 6, 13, 13, 13, 13, 13, 13]
6
# [0, 1, 1, 1, 1, 2, 2, 2, 2, 2, 2, 3, 3, 12]
# [1, 1, 1, 1, 1, 1, 1, 1, 1, 1, 1, 1, 1, 13]
1
# [3, 4, 4, 4, 4, 4, 4, 4, 4, 4, 12, 13, 13, 13]
# [4, 4, 4, 4, 4, 4, 4, 4, 4, 4, 13, 13, 13, 13]
4
# [4, 4, 4, 4, 4, 4, 4, 5, 5, 6, 13, 13, 13, 13]
# [4, 4, 4, 4, 4, 4, 4, 4, 4, 4, 13, 13, 13, 13]
4
# [0, 1, 1, 1, 8, 9, 9, 9, 9, 9, 9, 9, 10, 10]
# [0, 0, 0, 0, 9, 9, 9, 9, 9, 9, 9, 9, 9, 9]
10
# [4, 4, 5, 5, 5, 6, 6, 6, 7, 11, 12, 12, 12, 13]
# [5, 5, 5, 5, 5, 5, 5, 5, 5, 13, 13, 13, 13, 13]
5
# [2, 2, 2, 2, 2, 2, 2, 2, 2, 2, 3, 4, 12, 13]
# [2, 2, 2, 2, 2, 2, 2, 2, 2, 2, 2, 2, 13, 13]
2
# [4, 4, 4, 5, 5, 5, 5, 5, 5, 11, 12, 13, 13, 13]
# [5, 5, 5, 5, 5, 5, 5, 5, 5, 13, 13, 13, 13, 13]
5
# [1, 2, 2, 2, 2, 2, 2, 2, 2, 3, 3, 4, 12, 13]
# [2, 2, 2, 2, 2, 2, 2, 2, 2, 2, 2, 2, 13, 13]
2
# [0, 0, 0, 0, 0, 0, 7, 7, 7, 7, 7, 7, 7, 7]
# [0, 0, 0, 0, 0, 0, 7, 7, 7, 7, 7, 7, 7, 7]
8
# [0, 0, 0, 0, 0, 7, 7, 8, 8, 8, 8, 8, 8, 8]
# [0, 0, 0, 0, 0, 8, 8, 8, 8, 8, 8, 8, 8, 8]
9
# [5, 5, 6, 6, 6, 7, 7, 7, 11, 12, 13, 13, 13, 13]
# [6, 6, 6, 6, 6, 6, 6, 6, 13, 13, 13, 13, 13, 13]
6
# [0, 1, 1, 1, 1, 1, 1, 1, 1, 1, 1, 2, 2, 12]
# [1, 1, 1, 1, 1, 1, 1, 1, 1, 1, 1, 1, 1, 13]
1
# [0, 0, 0, 0, 0, 0, 0, 1, 1, 1, 1, 1, 1, 2]
# [0, 0, 0, 0, 0, 0, 0, 0, 0, 0, 0, 0, 0, 0]
0
# [0, 0, 1, 9, 9, 10, 10, 10, 10, 10, 10, 10, 10, 11]
# [0, 0, 0, 10, 10, 10, 10, 10, 10, 10, 10, 10, 10, 10]
11
# [0, 0, 0, 1, 7, 8, 8, 8, 9, 9, 9, 9, 9, 9]
# [0, 0, 0, 0, 9, 9, 9, 9, 9, 9, 9, 9, 9, 9]
10
# [0, 0, 10, 10, 11, 11, 11, 11, 11, 11, 11, 11, 11, 11]
# [0, 0, 11, 11, 11, 11, 11, 11, 11, 11, 11, 11, 11, 11]
12
# [0, 0, 0, 1, 1, 2, 7, 7, 7, 7, 7, 7, 8, 8]
# [0, 0, 0, 0, 0, 0, 7, 7, 7, 7, 7, 7, 7, 7]
8
# [0, 0, 0, 0, 0, 1, 5, 6, 6, 7, 7, 7, 7, 8]
# [0, 0, 0, 0, 0, 0, 7, 7, 7, 7, 7, 7, 7, 7]
8
# [1, 1, 1, 1, 1, 1, 1, 2, 2, 2, 2, 2, 2, 13]
# [1, 1, 1, 1, 1, 1, 1, 1, 1, 1, 1, 1, 1, 13]
1
# [0, 0, 1, 9, 9, 10, 10, 10, 10, 10, 10, 10, 10, 11]
# [0, 0, 0, 10, 10, 10, 10, 10, 10, 10, 10, 10, 10, 10]
11
# [0, 1, 1, 1, 2, 7, 7, 7, 7, 8, 8, 8, 8, 9]
# [0, 0, 0, 0, 0, 8, 8, 8, 8, 8, 8, 8, 8, 8]
9
# [0, 0, 0, 0, 0, 0, 1, 1, 1, 1, 1, 1, 2, 2]
# [0, 0, 0, 0, 0, 0, 0, 0, 0, 0, 0, 0, 0, 0]
0
# [5, 5, 6, 6, 6, 6, 6, 6, 11, 13, 13, 13, 13, 13]
# [6, 6, 6, 6, 6, 6, 6, 6, 13, 13, 13, 13, 13, 13]
6
# [0, 0, 0, 0, 0, 8, 8, 8, 8, 8, 8, 8, 8, 8]
# [0, 0, 0, 0, 0, 8, 8, 8, 8, 8, 8, 8, 8, 8]
9
# [1, 1, 1, 1, 1, 1, 1, 2, 2, 2, 2, 3, 3, 13]
# [1, 1, 1, 1, 1, 1, 1, 1, 1, 1, 1, 1, 1, 13]
1
# [2, 2, 2, 2, 2, 2, 2, 3, 3, 3, 3, 4, 13, 13]
# [2, 2, 2, 2, 2, 2, 2, 2, 2, 2, 2, 2, 13, 13]
2
# [0, 0, 0, 1, 1, 7, 7, 8, 8, 8, 8, 8, 8, 8]
# [0, 0, 0, 0, 0, 8, 8, 8, 8, 8, 8, 8, 8, 8]
9
# [0, 0, 0, 0, 0, 1, 1, 5, 5, 6, 6, 6, 6, 6]
# [0, 0, 0, 0, 0, 0, 0, 0, 0, 0, 0, 0, 0, 0]
0
# [0, 0, 0, 1, 8, 8, 9, 9, 9, 9, 9, 9, 9, 10]
# [0, 0, 0, 0, 9, 9, 9, 9, 9, 9, 9, 9, 9, 9]
10
# [0, 0, 0, 1, 6, 8, 8, 8, 9, 9, 9, 9, 9, 10]
# [0, 0, 0, 0, 9, 9, 9, 9, 9, 9, 9, 9, 9, 9]
10
# [0, 0, 0, 0, 0, 0, 0, 0, 0, 0, 0, 0, 1, 1]
# [0, 0, 0, 0, 0, 0, 0, 0, 0, 0, 0, 0, 0, 0]
0
# [3, 3, 3, 3, 4, 4, 4, 4, 4, 5, 11, 12, 12, 12]
# [4, 4, 4, 4, 4, 4, 4, 4, 4, 4, 13, 13, 13, 13]
4
# [5, 6, 6, 6, 6, 6, 7, 7, 12, 13, 13, 13, 13, 13]
# [6, 6, 6, 6, 6, 6, 6, 6, 13, 13, 13, 13, 13, 13]
6
# [0, 0, 0, 0, 0, 0, 1, 5, 5, 6, 6, 6, 6, 7]
# [0, 0, 0, 0, 0, 0, 0, 6, 6, 6, 6, 6, 6, 6]
7
# [0, 0, 0, 0, 1, 1, 6, 6, 7, 7, 7, 7, 8, 8]
# [0, 0, 0, 0, 0, 0, 7, 7, 7, 7, 7, 7, 7, 7]
8
# [1, 1, 1, 1, 1, 1, 1, 1, 1, 1, 1, 2, 2, 13]
# [1, 1, 1, 1, 1, 1, 1, 1, 1, 1, 1, 1, 1, 13]
1
# [0, 0, 10, 10, 10, 10, 10, 10, 11, 11, 11, 11, 11, 11]
# [0, 0, 11, 11, 11, 11, 11, 11, 11, 11, 11, 11, 11, 11]
12
# [0, 0, 0, 0, 0, 1, 6, 6, 6, 6, 7, 7, 7, 8]
# [0, 0, 0, 0, 0, 0, 7, 7, 7, 7, 7, 7, 7, 7]
8
# [0, 0, 0, 0, 1, 1, 2, 6, 6, 6, 7, 7, 7, 7]
# [0, 0, 0, 0, 0, 0, 0, 6, 6, 6, 6, 6, 6, 6]
7
# [0, 10, 11, 11, 11, 11, 12, 12, 12, 12, 12, 12, 12, 12]
# [0, 12, 12, 12, 12, 12, 12, 12, 12, 12, 12, 12, 12, 12]
13
# [0, 0, 0, 0, 0, 0, 1, 6, 6, 6, 6, 6, 6, 7]
# [0, 0, 0, 0, 0, 0, 0, 6, 6, 6, 6, 6, 6, 6]
7
# [0, 0, 0, 0, 0, 0, 0, 0, 0, 0, 0, 0, 1, 1]
# [0, 0, 0, 0, 0, 0, 0, 0, 0, 0, 0, 0, 0, 0]
0
# [0, 0, 0, 0, 0, 1, 7, 7, 7, 7, 7, 7, 7, 8]
# [0, 0, 0, 0, 0, 0, 7, 7, 7, 7, 7, 7, 7, 7]
8
# [1, 1, 1, 1, 1, 1, 1, 1, 2, 2, 2, 2, 3, 13]
# [1, 1, 1, 1, 1, 1, 1, 1, 1, 1, 1, 1, 1, 13]
1
# [0, 0, 0, 0, 0, 7, 7, 8, 8, 8, 8, 8, 8, 8]
# [0, 0, 0, 0, 0, 8, 8, 8, 8, 8, 8, 8, 8, 8]
9
# [2, 3, 3, 3, 3, 3, 3, 3, 4, 4, 4, 11, 13, 13]
# [3, 3, 3, 3, 3, 3, 3, 3, 3, 3, 3, 13, 13, 13]
3
# [0, 0, 0, 9, 9, 10, 10, 10, 10, 10, 10, 10, 10, 10]
# [0, 0, 0, 10, 10, 10, 10, 10, 10, 10, 10, 10, 10, 10]
11
# [0, 0, 0, 0, 0, 0, 0, 0, 0, 0, 1, 1, 1, 1]
# [0, 0, 0, 0, 0, 0, 0, 0, 0, 0, 0, 0, 0, 0]
0
# [3, 3, 3, 3, 3, 3, 3, 4, 4, 4, 4, 13, 13, 13]
# [3, 3, 3, 3, 3, 3, 3, 3, 3, 3, 3, 13, 13, 13]
3
