8
0000000000000000000000000000
1000000000000000000000000000
1100000000000000000000000000
1110000000000000000000000000
1111000000000000000000000000
1111100000000000000000000000
1111110000000000000000000000
1111111000000000000000000000
1111111100000000000000000000
1111111110000000000000000000
1111111111000000000000000000
1111111111100000000000000000
1111111111110000000000000000
1111111111111000000000000000
1111111111111100000000000000
1111111111111110000000000000
1111111111111111000000000000
1111111111111111100000000000
1111111111111111110000000000
1111111111111111111000000000
1111111111111111111100000000
1111111111111111111110000000
16
9
17
17
9
17
5
8
10
5
10
12
1
7
16
17
19
7
7
4
8
7
15
14
9
16
12
10
21
10
10
7
17
21
7
10
3
7
6
10
9
6
10
13
15
9
4
9
4
9
9
12
19
14
4
13
11
4
11
17
7
17
10
9
21
11
16
19
16
10
19
17
9
16
13
7
3
10
12
13
18
16
5
14
3
13
8
11
6
8
5
8
17
9
19
9
6
3
20
6
