8
0000000000000000000000000000
1000000000000000000000000000
1100000000000000000000000000
1110000000000000000000000000
1111000000000000000000000000
1111100000000000000000000000
1111110000000000000000000000
1111111000000000000000000000
1111111100000000000000000000
1111111110000000000000000000
1111111111000000000000000000
1111111111100000000000000000
1111111111110000000000000000
1111111111111000000000000000
1111111111111100000000000000
1111111111111110000000000000
1111111111111111000000000000
1111111111111111100000000000
1111111111111111110000000000
1111111111111111111000000000
1111111111111111111100000000
1111111111111111111110000000
1111111111111111111111000000
1111111111111111111111100000
1111111111111111111111110000
1111111111111111111111111000
1111111111111111111111111100
14
18
10
13
15
10
21
8
15
15
17
19
10
5
21
10
15
17
10
12
14
17
16
19
12
10
7
13
15
7
8
7
17
6
22
15
9
9
18
13
14
9
19
12
11
7
14
10
17
10
13
11
8
15
9
8
14
12
14
11
10
8
13
19
9
13
16
7
6
5
17
11
16
12
12
17
8
7
22
18
10
15
13
15
15
13
17
15
17
15
11
12
20
15
9
14
19
22
14
20
