5
0000000000
1000000000
1100000000
1000000100
1110000000
1100100000
1100010000
1100000001
1111000000
1110100000
1110001000
1100100001
1100010100
1100010010
1111100000
1110110000
1110101000
1110100001
1110001010
1100010011
1111110000
1111100001
1110110100
6
6
22
13
21
21
13
7
16
12
20
14
2
22
16
9
22
22
10
22
22
22
13
14
10
10
1
15
4
22
17
17
6
13
6
6
16
3
19
20
22
2
7
22
13
14
4
13
13
6
18
15
16
18
22
22
22
17
2
22
6
17
22
20
3
6
20
17
6
1
13
12
10
9
18
17
1
22
18
10
13
18
20
10
22
18
7
6
22
22
14
17
15
6
10
7
21
21
13
11
