6
000000000000000
100000000000000
110000000000000
100000000100000
111000000000000
110001000000000
110000100000000
110000000000100
100000000100001
111100000000000
111001000000000
111000010000000
111000000000001
110001000000100
110000100100000
110000100010000
110000100000001
110000000000110
111110000000000
111101000000000
111100001000000
111001100000000
111001010000000
111001000000100
111001000000001
111000011000000
111000010010000
111000010001000
111000010000001
110001000000110
110000100100001
110000100010100
110000100010010
111111000000000
111101100000000
111101001000000
111101000000100
111101000000010
111100001001000
111001100100000
111001100010000
111001100000001
111001010001000
111001010000100
111001010000010
111001000000110
111001000000101
111000011010000
111000010010100
111000010010010
111000010010001
111000010001001
110001000000111
110000100010011
111111100000000
111111000000100
111101110000000
111101101000000
111101100100000
111101100010000
111101100001000
111101100000001
111101001001000
111101001000100
111101001000010
111101000000011
111100001001010
111001100100001
111001100010100
111001100010010
111001100010001
111001010001100
111001010000110
111001010000011
111001000000111
111000011011000
111000011010010
111000010010011
111111110000000
111111100100000
111111100010000
111111100000001
111101110100000
111101110001000
37
83
37
43
24
40
83
83
83
51
66
83
15
43
44
37
32
83
63
76
37
83
63
60
83
15
72
83
83
83
82
26
31
83
54
83
15
83
36
43
47
83
71
83
83
23
64
69
40
83
64
69
51
63
55
26
28
35
47
81
43
83
83
83
22
60
2
23
11
81
59
83
72
83
83
19
83
83
24
38
40
63
27
83
59
83
34
15
83
13
40
60
83
37
34
28
83
80
83
43
