9
000000000000000000000000000000000000
100000000000000000000000000000000000
110000000000000000000000000000000000
111000000000000000000000000000000000
111100000000000000000000000000000000
111110000000000000000000000000000000
111111000000000000000000000000000000
111111100000000000000000000000000000
111111110000000000000000000000000000
111111111000000000000000000000000000
111111111100000000000000000000000000
111111111110000000000000000000000000
111111111111000000000000000000000000
111111111111100000000000000000000000
111111111111110000000000000000000000
111111111111111000000000000000000000
111111111111111100000000000000000000
111111111111111110000000000000000000
111111111111111111000000000000000000
111111111111111111100000000000000000
111111111111111111110000000000000000
111111111111111111111000000000000000
111111111111111111111100000000000000
111111111111111111111110000000000000
111111111111111111111111000000000000
111111111111111111111111100000000000
111111111111111111111111110000000000
111111111111111111111111111000000000
111111111111111111111111111100000000
111111111111111111111111111110000000
9
23
4
21
23
8
17
9
22
26
4
10
12
26
20
19
20
17
8
16
11
25
19
17
9
16
4
26
5
19
8
17
23
11
25
20
5
11
17
14
3
10
24
11
13
24
22
26
18
22
6
11
11
20
25
10
18
22
12
9
18
13
22
25
3
9
21
18
6
15
17
14
23
24
18
8
18
14
20
28
26
24
25
8
21
26
11
3
26
11
20
4
19
6
23
11
19
20
4
15
