9
000000000000000000000000000000000000
100000000000000000000000000000000000
110000000000000000000000000000000000
111000000000000000000000000000000000
111100000000000000000000000000000000
111110000000000000000000000000000000
111111000000000000000000000000000000
111111100000000000000000000000000000
111111110000000000000000000000000000
111111111000000000000000000000000000
111111111100000000000000000000000000
111111111110000000000000000000000000
111111111111000000000000000000000000
111111111111100000000000000000000000
111111111111110000000000000000000000
111111111111111000000000000000000000
111111111111111100000000000000000000
111111111111111110000000000000000000
111111111111111111000000000000000000
111111111111111111100000000000000000
111111111111111111110000000000000000
111111111111111111111000000000000000
111111111111111111111100000000000000
111111111111111111111110000000000000
111111111111111111111111000000000000
111111111111111111111111100000000000
111111111111111111111111110000000000
111111111111111111111111111000000000
111111111111111111111111111100000000
111111111111111111111111111110000000
111111111111111111111111111111000000
111111111111111111111111111111100000
111111111111111111111111111111110000
111111111111111111111111111111111000
111111111111111111111111111111111100
15
16
14
14
27
15
19
21
17
14
12
16
12
12
27
18
9
25
20
10
20
25
22
15
22
11
4
26
14
23
18
24
19
25
15
11
10
21
20
9
26
15
26
18
22
11
15
7
19
16
23
25
25
21
21
25
25
13
21
9
24
23
19
12
22
14
18
15
14
9
17
16
14
23
10
18
26
8
19
12
21
9
22
21
26
11
27
13
17
17
26
18
18
10
22
19
10
8
19
11
