5
0000000000
1000000000
1100000000
1000000100
1110000000
1100100000
1100010000
1100000001
1111000000
1110100000
1110001000
1100100001
1100010100
1100010010
1111100000
1110110000
1110101000
1110100001
1110001010
1100010011
1111110000
1111100001
1110110100
1110110010
1110101001
1110001011
10
3
13
25
7
18
9
24
25
25
20
18
21
24
23
6
7
24
25
18
16
25
18
17
10
10
24
20
9
25
14
18
5
6
12
23
18
6
13
14
8
16
18
24
10
18
1
10
9
10
9
10
18
10
20
17
18
13
18
6
17
14
14
25
16
9
19
20
25
20
25
16
15
4
10
17
9
6
14
4
6
22
25
10
0
13
9
16
20
16
17
17
20
18
4
24
7
21
24
6
