8
0000000000000000000000000000
1000000000000000000000000000
1100000000000000000000000000
1110000000000000000000000000
1111000000000000000000000000
1111100000000000000000000000
1111110000000000000000000000
1111111000000000000000000000
1111111100000000000000000000
1111111110000000000000000000
1111111111000000000000000000
1111111111100000000000000000
1111111111110000000000000000
1111111111111000000000000000
1111111111111100000000000000
1111111111111110000000000000
1111111111111111000000000000
1111111111111111100000000000
1111111111111111110000000000
1111111111111111111000000000
1111111111111111111100000000
1111111111111111111110000000
1111111111111111111111000000
1111111111111111111111100000
1111111111111111111111110000
1111111111111111111111111000
13
11
7
13
13
16
8
8
18
17
15
11
14
18
10
13
9
14
16
14
6
16
13
14
14
14
5
12
10
16
17
12
20
10
17
15
18
18
17
11
15
19
11
19
14
16
15
13
12
18
18
19
13
10
11
13
8
13
14
13
18
17
13
11
12
13
17
15
14
13
15
17
16
18
14
12
15
8
14
12
15
16
16
10
14
14
19
16
16
9
14
11
14
11
9
12
15
12
13
14
