8
0000000000000000000000000000
1000000000000000000000000000
1100000000000000000000000000
1110000000000000000000000000
1111000000000000000000000000
1111100000000000000000000000
1111110000000000000000000000
1111111000000000000000000000
1111111100000000000000000000
1111111110000000000000000000
1111111111000000000000000000
1111111111100000000000000000
1111111111110000000000000000
1111111111111000000000000000
1111111111111100000000000000
1111111111111110000000000000
1111111111111111000000000000
1111111111111111100000000000
1111111111111111110000000000
1111111111111111111000000000
1111111111111111111100000000
1111111111111111111110000000
1111111111111111111111000000
8
15
7
12
18
15
15
11
11
12
11
8
14
8
13
10
18
10
18
14
11
9
13
13
13
14
17
11
15
14
17
15
11
13
7
13
10
11
9
11
14
19
20
12
8
16
15
12
20
14
12
16
16
10
9
16
10
5
15
17
15
10
13
7
16
10
17
17
7
15
15
13
14
11
10
6
16
12
19
22
12
6
14
16
17
17
20
8
17
16
13
12
8
14
9
17
10
13
12
16
