9
000000000000000000000000000000000000
100000000000000000000000000000000000
110000000000000000000000000000000000
111000000000000000000000000000000000
111100000000000000000000000000000000
111110000000000000000000000000000000
111111000000000000000000000000000000
111111100000000000000000000000000000
111111110000000000000000000000000000
111111111000000000000000000000000000
111111111100000000000000000000000000
111111111110000000000000000000000000
111111111111000000000000000000000000
111111111111100000000000000000000000
111111111111110000000000000000000000
111111111111111000000000000000000000
111111111111111100000000000000000000
111111111111111110000000000000000000
111111111111111111000000000000000000
111111111111111111100000000000000000
111111111111111111110000000000000000
111111111111111111111000000000000000
111111111111111111111100000000000000
111111111111111111111110000000000000
111111111111111111111111000000000000
111111111111111111111111100000000000
111111111111111111111111110000000000
111111111111111111111111111000000000
111111111111111111111111111100000000
24
20
12
18
18
13
18
15
12
7
20
22
19
13
9
13
8
18
12
12
20
8
24
10
21
16
17
15
19
24
21
12
14
15
17
9
22
10
17
17
11
13
19
18
15
6
22
14
17
18
10
16
22
16
24
20
11
16
21
19
19
11
21
10
15
17
19
18
25
17
11
17
13
15
15
16
18
21
12
9
16
18
20
10
15
26
19
16
14
15
17
20
16
19
14
11
9
9
15
13
