5
0000000000
1000000000
1100000000
1000000100
1110000000
1100100000
1100010000
1100000001
1111000000
1110100000
1110001000
1100100001
1100010100
1100010010
1111100000
1110110000
1110101000
1110100001
1110001010
1100010011
1111110000
1111100001
1110110100
1110110010
10
14
19
23
23
13
7
23
9
6
13
6
17
3
18
23
13
6
23
14
5
20
6
9
2
20
17
23
6
4
2
23
23
23
19
4
13
12
13
2
14
10
16
13
8
23
11
16
9
20
23
16
13
10
13
13
23
6
14
2
17
4
11
23
13
9
14
18
6
23
17
23
23
23
23
14
7
16
9
16
17
10
10
7
17
12
10
6
4
23
1
17
16
23
6
12
0
16
10
23
