7
000000000000000000000
100000000000000000000
110000000000000000000
111000000000000000000
111100000000000000000
111110000000000000000
111111000000000000000
111111100000000000000
111111110000000000000
111111111000000000000
111111111100000000000
111111111110000000000
111111111111000000000
111111111111100000000
111111111111110000000
111111111111111000000
111111111111111100000
11
8
11
8
13
14
9
9
8
7
14
6
13
8
9
10
13
7
5
8
10
7
11
11
8
12
9
9
13
12
10
8
11
9
11
7
12
11
10
8
7
9
12
6
7
8
5
8
13
10
10
5
9
2
8
9
3
7
8
10
7
14
12
11
10
6
9
12
13
8
12
11
10
11
13
11
10
10
8
11
8
9
7
11
11
9
12
7
7
9
7
14
8
11
9
7
10
9
11
11
