5
0000000000
1000000000
1100000000
1000000100
1110000000
1100100000
1100010000
1100000001
1111000000
1110100000
1110001000
1100100001
1100010100
1100010010
1111100000
1110110000
1110101000
1110100001
1110001010
1100010011
1111110000
1111100001
1110110100
1110110010
1110101001
1110001011
1111111000
1111110100
13
6
15
4
1
17
6
6
19
10
1
7
18
24
17
1
23
4
4
20
18
14
16
13
23
22
4
6
17
27
1
6
20
9
18
18
11
15
10
23
6
13
10
2
10
13
6
27
15
27
18
27
27
23
6
27
27
20
6
12
5
13
27
23
21
3
4
16
13
9
27
23
17
27
9
7
24
11
25
15
13
10
24
13
18
14
24
6
4
27
9
7
20
20
4
3
23
18
9
27
