36
111111111111111110000000000000000001111111111111111000000000000000000111111111111111000000000000000000111111111111110000000000000000001111111111111000000000000000000111111111111000000000000000000111111111110000000000000000001111111111000000000000000000111111111000000000000000000111111110000000000000000001111111000000000000000000111111000000000000000000111110000000000000000001111000000000000000000111000000000000000000110000000000000000001000000000000000000000000000000000000000000000000000000000000000000000000000000000000000000000000000000000000000000000000000000000000000000000000000000000000000000000000000000000000000000000
111111111111111111000000000000000001111111111111111100000000000000000111111111111111100000000000000000111111111111111000000000000000001111111111111100000000000000000111111111111100000000000000000111111111111000000000000000001111111111100000000000000000111111111100000000000000000111111111000000000000000001111111100000000000000000111111100000000000000000111111000000000000000001111100000000000000000111100000000000000000111000000000000000001100000000000000000100000000000000000000000000000000000000000000000000000000000000000000000000000000000000000000000000000000000000000000000000000000000000000000000000000000000000000000000000
111111111111111111100000000000000001111111111111111110000000000000000111111111111111110000000000000000111111111111111100000000000000001111111111111110000000000000000111111111111110000000000000000111111111111100000000000000001111111111110000000000000000111111111110000000000000000111111111100000000000000001111111110000000000000000111111110000000000000000111111100000000000000001111110000000000000000111110000000000000000111100000000000000001110000000000000000110000000000000000100000000000000000000000000000000000000000000000000000000000000000000000000000000000000000000000000000000000000000000000000000000000000000000000000000000
111111111111111111110000000000000001111111111111111111000000000000000111111111111111111000000000000000111111111111111110000000000000001111111111111111000000000000000111111111111111000000000000000111111111111110000000000000001111111111111000000000000000111111111111000000000000000111111111110000000000000001111111111000000000000000111111111000000000000000111111110000000000000001111111000000000000000111111000000000000000111110000000000000001111000000000000000111000000000000000110000000000000001000000000000000000000000000000000000000000000000000000000000000000000000000000000000000000000000000000000000000000000000000000000000000
111111111111111111111000000000000001111111111111111111100000000000000111111111111111111100000000000000111111111111111111000000000000001111111111111111100000000000000111111111111111100000000000000111111111111111000000000000001111111111111100000000000000111111111111100000000000000111111111111000000000000001111111111100000000000000111111111100000000000000111111111000000000000001111111100000000000000111111100000000000000111111000000000000001111100000000000000111100000000000000111000000000000001100000000000000100000000000000000000000000000000000000000000000000000000000000000000000000000000000000000000000000000000000000000000000
111111111111111111111100000000000001111111111111111111110000000000000111111111111111111110000000000000111111111111111111100000000000001111111111111111110000000000000111111111111111110000000000000111111111111111100000000000001111111111111110000000000000111111111111110000000000000111111111111100000000000001111111111110000000000000111111111110000000000000111111111100000000000001111111110000000000000111111110000000000000111111100000000000001111110000000000000111110000000000000111100000000000001110000000000000110000000000000100000000000000000000000000000000000000000000000000000000000000000000000000000000000000000000000000000000
111111111111111111111110000000000001111111111111111111111000000000000111111111111111111111000000000000111111111111111111110000000000001111111111111111111000000000000111111111111111111000000000000111111111111111110000000000001111111111111111000000000000111111111111111000000000000111111111111110000000000001111111111111000000000000111111111111000000000000111111111110000000000001111111111000000000000111111111000000000000111111110000000000001111111000000000000111111000000000000111110000000000001111000000000000111000000000000110000000000001000000000000000000000000000000000000000000000000000000000000000000000000000000000000000000
111111111111111111111111000000000001111111111111111111111100000000000111111111111111111111100000000000111111111111111111111000000000001111111111111111111100000000000111111111111111111100000000000111111111111111111000000000001111111111111111100000000000111111111111111100000000000111111111111111000000000001111111111111100000000000111111111111100000000000111111111111000000000001111111111100000000000111111111100000000000111111111000000000001111111100000000000111111100000000000111111000000000001111100000000000111100000000000111000000000001100000000000100000000000000000000000000000000000000000000000000000000000000000000000000000
111111111111111111111111100000000001111111111111111111111110000000000111111111111111111111110000000000111111111111111111111100000000001111111111111111111110000000000111111111111111111110000000000111111111111111111100000000001111111111111111110000000000111111111111111110000000000111111111111111100000000001111111111111110000000000111111111111110000000000111111111111100000000001111111111110000000000111111111110000000000111111111100000000001111111110000000000111111110000000000111111100000000001111110000000000111110000000000111100000000001110000000000110000000000100000000000000000000000000000000000000000000000000000000000000000
111111111111111111111111110000000001111111111111111111111111000000000111111111111111111111111000000000111111111111111111111110000000001111111111111111111111000000000111111111111111111111000000000111111111111111111110000000001111111111111111111000000000111111111111111111000000000111111111111111110000000001111111111111111000000000111111111111111000000000111111111111110000000001111111111111000000000111111111111000000000111111111110000000001111111111000000000111111111000000000111111110000000001111111000000000111111000000000111110000000001111000000000111000000000110000000001000000000000000000000000000000000000000000000000000000
111111111111111111111111111000000001111111111111111111111111100000000111111111111111111111111100000000111111111111111111111111000000001111111111111111111111100000000111111111111111111111100000000111111111111111111111000000001111111111111111111100000000111111111111111111100000000111111111111111111000000001111111111111111100000000111111111111111100000000111111111111111000000001111111111111100000000111111111111100000000111111111111000000001111111111100000000111111111100000000111111111000000001111111100000000111111100000000111111000000001111100000000111100000000111000000001100000000100000000000000000000000000000000000000000000
111111111111111111111111111100000001111111111111111111111111110000000111111111111111111111111110000000111111111111111111111111100000001111111111111111111111110000000111111111111111111111110000000111111111111111111111100000001111111111111111111110000000111111111111111111110000000111111111111111111100000001111111111111111110000000111111111111111110000000111111111111111100000001111111111111110000000111111111111110000000111111111111100000001111111111110000000111111111110000000111111111100000001111111110000000111111110000000111111100000001111110000000111110000000111100000001110000000110000000100000000000000000000000000000000000
111111111111111111111111111110000001111111111111111111111111111000000111111111111111111111111111000000111111111111111111111111110000001111111111111111111111111000000111111111111111111111111000000111111111111111111111110000001111111111111111111111000000111111111111111111111000000111111111111111111110000001111111111111111111000000111111111111111111000000111111111111111110000001111111111111111000000111111111111111000000111111111111110000001111111111111000000111111111111000000111111111110000001111111111000000111111111000000111111110000001111111000000111111000000111110000001111000000111000000110000001000000000000000000000000000
111111111111111111111111111111000001111111111111111111111111111100000111111111111111111111111111100000111111111111111111111111111000001111111111111111111111111100000111111111111111111111111100000111111111111111111111111000001111111111111111111111100000111111111111111111111100000111111111111111111111000001111111111111111111100000111111111111111111100000111111111111111111000001111111111111111100000111111111111111100000111111111111111000001111111111111100000111111111111100000111111111111000001111111111100000111111111100000111111111000001111111100000111111100000111111000001111100000111100000111000001100000100000000000000000000
111111111111111111111111111111100001111111111111111111111111111110000111111111111111111111111111110000111111111111111111111111111100001111111111111111111111111110000111111111111111111111111110000111111111111111111111111100001111111111111111111111110000111111111111111111111110000111111111111111111111100001111111111111111111110000111111111111111111110000111111111111111111100001111111111111111110000111111111111111110000111111111111111100001111111111111110000111111111111110000111111111111100001111111111110000111111111110000111111111100001111111110000111111110000111111100001111110000111110000111100001110000110000100000000000000
111111111111111111111111111111110001111111111111111111111111111111000111111111111111111111111111111000111111111111111111111111111110001111111111111111111111111111000111111111111111111111111111000111111111111111111111111110001111111111111111111111111000111111111111111111111111000111111111111111111111110001111111111111111111111000111111111111111111111000111111111111111111110001111111111111111111000111111111111111111000111111111111111110001111111111111111000111111111111111000111111111111110001111111111111000111111111111000111111111110001111111111000111111111000111111110001111111000111111000111110001111000111000110001000000000
111111111111111111111111111111111001111111111111111111111111111111100111111111111111111111111111111100111111111111111111111111111111001111111111111111111111111111100111111111111111111111111111100111111111111111111111111111001111111111111111111111111100111111111111111111111111100111111111111111111111111001111111111111111111111100111111111111111111111100111111111111111111111001111111111111111111100111111111111111111100111111111111111111001111111111111111100111111111111111100111111111111111001111111111111100111111111111100111111111111001111111111100111111111100111111111001111111100111111100111111001111100111100111001100100000
111111111111111111111111111111111101111111111111111111111111111111110111111111111111111111111111111110111111111111111111111111111111101111111111111111111111111111110111111111111111111111111111110111111111111111111111111111101111111111111111111111111110111111111111111111111111110111111111111111111111111101111111111111111111111110111111111111111111111110111111111111111111111101111111111111111111110111111111111111111110111111111111111111101111111111111111110111111111111111110111111111111111101111111111111110111111111111110111111111111101111111111110111111111110111111111101111111110111111110111111101111110111110111101110110100
3
13
16
2
4
14
15
7
15
3
4
4
14
1
3
13
6
13
16
10
2
4
13
8
15
16
4
2
2
14
5
12
11
7
17
11
8
16
14
2
14
3
17
13
16
3
15
12
15
1
4
16
13
10
5
4
7
16
4
2
7
4
17
0
6
7
16
3
17
2
17
8
4
7
15
12
17
2
4
13
14
13
10
0
0
10
7
6
6
12
13
1
12
1
3
13
7
12
0
5
