5
0000000000
1000000000
1100000000
1000000100
1110000000
1100100000
1100010000
1100000001
1111000000
1110100000
1110001000
1100100001
1100010100
1100010010
1111100000
1110110000
1110101000
1110100001
1110001010
1100010011
1111110000
1111100001
1110110100
1110110010
1110101001
1110001011
1111111000
1111110100
1111110010
24
4
20
28
2
18
11
18
23
13
3
23
2
6
25
11
10
10
16
15
6
11
11
28
10
28
18
2
25
11
2
10
15
13
6
4
10
24
8
3
13
6
1
7
3
16
9
6
20
9
11
9
18
19
23
5
1
10
15
2
13
13
4
26
19
26
17
3
2
26
2
23
28
4
23
20
17
23
7
15
14
16
28
23
7
2
9
2
24
20
11
18
2
2
8
24
9
20
6
6
