6
000000000000000
100000000000000
110000000000000
100000000100000
111000000000000
110001000000000
110000100000000
110000000000100
100000000100001
111100000000000
111001000000000
111000010000000
111000000000001
110001000000100
110000100100000
110000100010000
110000100000001
110000000000110
111110000000000
111101000000000
111100001000000
111001100000000
111001010000000
111001000000100
111001000000001
111000011000000
111000010010000
111000010001000
111000010000001
110001000000110
110000100100001
110000100010100
110000100010010
111111000000000
111101100000000
111101001000000
111101000000100
111101000000010
111100001001000
111001100100000
111001100010000
111001100000001
111001010001000
111001010000100
111001010000010
111001000000110
111001000000101
111000011010000
111000010010100
111000010010010
111000010010001
111000010001001
110001000000111
110000100010011
111111100000000
111111000000100
111101110000000
111101101000000
111101100100000
111101100010000
111101100001000
111101100000001
111101001001000
111101001000100
111101001000010
111101000000011
111100001001010
111001100100001
111001100010100
111001100010010
111001100010001
111001010001100
111001010000110
72
60
72
35
61
71
60
41
72
72
72
72
22
51
72
72
28
72
72
44
72
72
19
22
11
72
50
11
46
72
38
72
72
19
63
37
72
59
59
47
72
72
46
63
71
72
21
54
72
51
51
59
60
58
62
72
72
3
60
44
4
72
72
72
49
27
60
72
72
37
72
7
39
72
72
66
49
72
64
72
36
72
63
72
25
58
72
60
28
72
72
72
72
11
60
72
22
72
72
72
