9
000000000000000000000000000000000000
100000000000000000000000000000000000
110000000000000000000000000000000000
111000000000000000000000000000000000
111100000000000000000000000000000000
111110000000000000000000000000000000
111111000000000000000000000000000000
111111100000000000000000000000000000
111111110000000000000000000000000000
111111111000000000000000000000000000
111111111100000000000000000000000000
111111111110000000000000000000000000
111111111111000000000000000000000000
111111111111100000000000000000000000
111111111111110000000000000000000000
111111111111111000000000000000000000
111111111111111100000000000000000000
111111111111111110000000000000000000
111111111111111111000000000000000000
111111111111111111100000000000000000
111111111111111111110000000000000000
111111111111111111111000000000000000
111111111111111111111100000000000000
111111111111111111111110000000000000
111111111111111111111111000000000000
111111111111111111111111100000000000
111111111111111111111111110000000000
111111111111111111111111111000000000
111111111111111111111111111100000000
111111111111111111111111111110000000
111111111111111111111111111111000000
111111111111111111111111111111100000
12
25
28
16
10
16
28
20
19
14
23
23
6
12
13
12
21
10
11
13
15
18
20
23
20
12
24
24
25
22
15
14
15
17
22
10
22
21
14
22
15
10
22
21
19
18
17
19
22
17
14
17
16
14
15
19
19
22
19
14
13
20
11
23
11
20
11
10
27
12
11
21
14
22
23
17
14
16
10
18
24
16
18
16
5
16
19
10
14
21
11
12
23
19
22
13
15
11
14
19
