34
111111111111111100000000000000000111111111111111000000000000000001111111111111100000000000000000111111111111100000000000000000111111111111000000000000000001111111111100000000000000000111111111100000000000000000111111111000000000000000001111111100000000000000000111111100000000000000000111111000000000000000001111100000000000000000111100000000000000000111000000000000000001100000000000000000100000000000000000000000000000000000000000000000000000000000000000000000000000000000000000000000000000000000000000000000000000000000000000000000000000000000000000000000000
111111111111111110000000000000000111111111111111100000000000000001111111111111110000000000000000111111111111110000000000000000111111111111100000000000000001111111111110000000000000000111111111110000000000000000111111111100000000000000001111111110000000000000000111111110000000000000000111111100000000000000001111110000000000000000111110000000000000000111100000000000000001110000000000000000110000000000000000100000000000000000000000000000000000000000000000000000000000000000000000000000000000000000000000000000000000000000000000000000000000000000000000000000000
111111111111111111000000000000000111111111111111110000000000000001111111111111111000000000000000111111111111111000000000000000111111111111110000000000000001111111111111000000000000000111111111111000000000000000111111111110000000000000001111111111000000000000000111111111000000000000000111111110000000000000001111111000000000000000111111000000000000000111110000000000000001111000000000000000111000000000000000110000000000000001000000000000000000000000000000000000000000000000000000000000000000000000000000000000000000000000000000000000000000000000000000000000000
111111111111111111100000000000000111111111111111111000000000000001111111111111111100000000000000111111111111111100000000000000111111111111111000000000000001111111111111100000000000000111111111111100000000000000111111111111000000000000001111111111100000000000000111111111100000000000000111111111000000000000001111111100000000000000111111100000000000000111111000000000000001111100000000000000111100000000000000111000000000000001100000000000000100000000000000000000000000000000000000000000000000000000000000000000000000000000000000000000000000000000000000000000000
111111111111111111110000000000000111111111111111111100000000000001111111111111111110000000000000111111111111111110000000000000111111111111111100000000000001111111111111110000000000000111111111111110000000000000111111111111100000000000001111111111110000000000000111111111110000000000000111111111100000000000001111111110000000000000111111110000000000000111111100000000000001111110000000000000111110000000000000111100000000000001110000000000000110000000000000100000000000000000000000000000000000000000000000000000000000000000000000000000000000000000000000000000000
111111111111111111111000000000000111111111111111111110000000000001111111111111111111000000000000111111111111111111000000000000111111111111111110000000000001111111111111111000000000000111111111111111000000000000111111111111110000000000001111111111111000000000000111111111111000000000000111111111110000000000001111111111000000000000111111111000000000000111111110000000000001111111000000000000111111000000000000111110000000000001111000000000000111000000000000110000000000001000000000000000000000000000000000000000000000000000000000000000000000000000000000000000000
111111111111111111111100000000000111111111111111111111000000000001111111111111111111100000000000111111111111111111100000000000111111111111111111000000000001111111111111111100000000000111111111111111100000000000111111111111111000000000001111111111111100000000000111111111111100000000000111111111111000000000001111111111100000000000111111111100000000000111111111000000000001111111100000000000111111100000000000111111000000000001111100000000000111100000000000111000000000001100000000000100000000000000000000000000000000000000000000000000000000000000000000000000000
111111111111111111111110000000000111111111111111111111100000000001111111111111111111110000000000111111111111111111110000000000111111111111111111100000000001111111111111111110000000000111111111111111110000000000111111111111111100000000001111111111111110000000000111111111111110000000000111111111111100000000001111111111110000000000111111111110000000000111111111100000000001111111110000000000111111110000000000111111100000000001111110000000000111110000000000111100000000001110000000000110000000000100000000000000000000000000000000000000000000000000000000000000000
111111111111111111111111000000000111111111111111111111110000000001111111111111111111111000000000111111111111111111111000000000111111111111111111110000000001111111111111111111000000000111111111111111111000000000111111111111111110000000001111111111111111000000000111111111111111000000000111111111111110000000001111111111111000000000111111111111000000000111111111110000000001111111111000000000111111111000000000111111110000000001111111000000000111111000000000111110000000001111000000000111000000000110000000001000000000000000000000000000000000000000000000000000000
111111111111111111111111100000000111111111111111111111111000000001111111111111111111111100000000111111111111111111111100000000111111111111111111111000000001111111111111111111100000000111111111111111111100000000111111111111111111000000001111111111111111100000000111111111111111100000000111111111111111000000001111111111111100000000111111111111100000000111111111111000000001111111111100000000111111111100000000111111111000000001111111100000000111111100000000111111000000001111100000000111100000000111000000001100000000100000000000000000000000000000000000000000000
111111111111111111111111110000000111111111111111111111111100000001111111111111111111111110000000111111111111111111111110000000111111111111111111111100000001111111111111111111110000000111111111111111111110000000111111111111111111100000001111111111111111110000000111111111111111110000000111111111111111100000001111111111111110000000111111111111110000000111111111111100000001111111111110000000111111111110000000111111111100000001111111110000000111111110000000111111100000001111110000000111110000000111100000001110000000110000000100000000000000000000000000000000000
111111111111111111111111111000000111111111111111111111111110000001111111111111111111111111000000111111111111111111111111000000111111111111111111111110000001111111111111111111111000000111111111111111111111000000111111111111111111110000001111111111111111111000000111111111111111111000000111111111111111110000001111111111111111000000111111111111111000000111111111111110000001111111111111000000111111111111000000111111111110000001111111111000000111111111000000111111110000001111111000000111111000000111110000001111000000111000000110000001000000000000000000000000000
111111111111111111111111111100000111111111111111111111111111000001111111111111111111111111100000111111111111111111111111100000111111111111111111111111000001111111111111111111111100000111111111111111111111100000111111111111111111111000001111111111111111111100000111111111111111111100000111111111111111111000001111111111111111100000111111111111111100000111111111111111000001111111111111100000111111111111100000111111111111000001111111111100000111111111100000111111111000001111111100000111111100000111111000001111100000111100000111000001100000100000000000000000000
111111111111111111111111111110000111111111111111111111111111100001111111111111111111111111110000111111111111111111111111110000111111111111111111111111100001111111111111111111111110000111111111111111111111110000111111111111111111111100001111111111111111111110000111111111111111111110000111111111111111111100001111111111111111110000111111111111111110000111111111111111100001111111111111110000111111111111110000111111111111100001111111111110000111111111110000111111111100001111111110000111111110000111111100001111110000111110000111100001110000110000100000000000000
111111111111111111111111111111000111111111111111111111111111110001111111111111111111111111111000111111111111111111111111111000111111111111111111111111110001111111111111111111111111000111111111111111111111111000111111111111111111111110001111111111111111111111000111111111111111111111000111111111111111111110001111111111111111111000111111111111111111000111111111111111110001111111111111111000111111111111111000111111111111110001111111111111000111111111111000111111111110001111111111000111111111000111111110001111111000111111000111110001111000111000110001000000000
111111111111111111111111111111100111111111111111111111111111111001111111111111111111111111111100111111111111111111111111111100111111111111111111111111111001111111111111111111111111100111111111111111111111111100111111111111111111111111001111111111111111111111100111111111111111111111100111111111111111111111001111111111111111111100111111111111111111100111111111111111111001111111111111111100111111111111111100111111111111111001111111111111100111111111111100111111111111001111111111100111111111100111111111001111111100111111100111111001111100111100111001100100000
111111111111111111111111111111110111111111111111111111111111111101111111111111111111111111111110111111111111111111111111111110111111111111111111111111111101111111111111111111111111110111111111111111111111111110111111111111111111111111101111111111111111111111110111111111111111111111110111111111111111111111101111111111111111111110111111111111111111110111111111111111111101111111111111111110111111111111111110111111111111111101111111111111110111111111111110111111111111101111111111110111111111110111111111101111111110111111110111111101111110111110111101110110100
14
11
4
13
6
4
6
3
0
15
16
7
7
2
2
13
14
15
2
3
9
13
9
14
13
11
9
8
6
0
9
6
15
9
9
5
16
16
13
10
16
6
11
10
13
0
4
7
4
2
15
5
15
12
10
0
1
5
1
10
7
7
15
0
11
7
16
14
0
4
14
3
3
2
7
15
7
14
7
6
10
0
2
7
10
8
16
2
11
15
0
5
13
7
4
12
10
13
13
11
