8
0000000000000000000000000000
1000000000000000000000000000
1100000000000000000000000000
1110000000000000000000000000
1111000000000000000000000000
1111100000000000000000000000
1111110000000000000000000000
1111111000000000000000000000
1111111100000000000000000000
1111111110000000000000000000
1111111111000000000000000000
1111111111100000000000000000
1111111111110000000000000000
1111111111111000000000000000
1111111111111100000000000000
1111111111111110000000000000
1111111111111111000000000000
1111111111111111100000000000
1111111111111111110000000000
1111111111111111111000000000
1111111111111111111100000000
1111111111111111111110000000
16
1
15
13
16
4
1
9
4
13
1
17
9
8
3
7
12
11
13
8
10
2
20
8
11
19
13
0
8
5
8
9
2
2
9
6
8
12
0
15
5
1
20
5
4
11
1
2
0
17
5
12
19
5
21
15
7
9
10
1
6
14
19
8
3
21
1
1
12
13
4
7
19
5
18
5
3
2
5
17
14
17
3
19
19
18
7
10
2
3
2
13
21
12
14
5
8
18
1
15
