5
0000000000
1000000000
1100000000
1000000100
1110000000
1100100000
1100010000
1100000001
1111000000
1110100000
1110001000
1100100001
1100010100
1100010010
1111100000
1110110000
1110101000
1110100001
1110001010
1100010011
1111110000
1111100001
21
3
18
17
6
15
21
21
9
13
16
21
2
9
21
15
10
20
10
6
15
6
10
2
17
21
16
21
16
16
20
9
10
9
13
13
7
13
21
18
21
10
11
21
21
9
4
12
6
2
16
16
20
6
20
10
21
3
9
16
18
21
2
2
2
16
1
9
21
21
19
6
7
14
10
21
13
2
20
9
17
16
21
7
21
9
3
18
21
10
21
20
6
10
21
21
19
10
21
9
