7
000000000000000000000
100000000000000000000
110000000000000000000
111000000000000000000
111100000000000000000
111110000000000000000
111111000000000000000
111111100000000000000
111111110000000000000
111111111000000000000
111111111100000000000
111111111110000000000
111111111111000000000
111111111111100000000
111111111111110000000
111111111111111000000
111111111111111100000
11
13
8
12
5
6
13
9
9
9
10
13
13
10
9
9
13
5
12
13
16
10
15
11
9
13
8
13
13
5
10
16
8
7
14
3
7
11
10
11
12
6
14
9
9
6
10
6
8
12
9
11
9
9
12
5
8
7
9
13
6
7
15
11
6
9
13
13
9
13
8
5
10
10
13
9
4
7
8
9
6
4
6
8
8
13
7
8
7
9
9
3
10
11
4
16
8
14
9
13
