8
0000000000000000000000000000
1000000000000000000000000000
1100000000000000000000000000
1110000000000000000000000000
1111000000000000000000000000
1111100000000000000000000000
1111110000000000000000000000
1111111000000000000000000000
1111111100000000000000000000
1111111110000000000000000000
1111111111000000000000000000
1111111111100000000000000000
1111111111110000000000000000
1111111111111000000000000000
1111111111111100000000000000
1111111111111110000000000000
1111111111111111000000000000
1111111111111111100000000000
1111111111111111110000000000
1111111111111111111000000000
1111111111111111111100000000
1111111111111111111110000000
1111111111111111111111000000
1111111111111111111111100000
1111111111111111111111110000
12
15
15
13
16
15
13
15
19
16
17
16
15
18
12
14
7
13
16
11
18
15
17
11
9
17
10
9
11
13
13
14
15
15
14
11
13
10
12
18
16
13
14
15
14
13
12
9
14
17
13
14
13
17
12
16
9
14
14
13
10
12
15
14
11
13
11
11
7
15
16
11
16
11
12
13
7
12
15
14
15
7
17
10
10
11
13
15
16
15
12
18
13
11
13
13
7
13
13
19
