5
0000000000
1000000000
1100000000
1000000100
1110000000
1100100000
1100010000
1100000001
1111000000
1110100000
1110001000
1100100001
1100010100
1100010010
1111100000
1110110000
1110101000
1110100001
1110001010
1100010011
1111110000
1111100001
1110110100
1110110010
6
14
7
2
13
20
23
23
3
4
14
23
9
1
13
23
4
13
6
23
6
18
10
5
16
2
14
18
17
14
23
3
6
6
10
17
3
13
23
21
1
10
21
3
20
10
3
11
16
23
9
9
23
9
23
3
18
9
15
17
17
23
6
17
18
16
6
1
18
23
10
23
23
21
13
23
9
18
13
6
23
23
20
11
9
1
17
7
11
10
20
20
18
18
23
13
6
8
7
8
