7
000000000000000000000
100000000000000000000
110000000000000000000
111000000000000000000
111100000000000000000
111110000000000000000
111111000000000000000
111111100000000000000
111111110000000000000
111111111000000000000
111111111100000000000
111111111110000000000
111111111111000000000
111111111111100000000
111111111111110000000
111111111111111000000
111111111111111100000
111111111111111110000
4
2
0
17
16
7
2
8
0
5
7
2
12
15
8
10
10
16
17
12
5
13
10
7
11
13
2
12
3
17
16
10
12
16
4
15
16
7
9
15
4
6
14
2
3
14
15
9
8
15
9
15
10
12
7
5
11
14
8
14
10
8
1
4
12
17
2
10
3
8
10
4
15
14
17
12
8
9
12
12
1
12
9
14
8
2
4
14
10
1
13
2
11
5
16
5
16
8
4
0
