7
000000000000000000000
100000000000000000000
110000000000000000000
111000000000000000000
111100000000000000000
111110000000000000000
111111000000000000000
111111100000000000000
111111110000000000000
111111111000000000000
111111111100000000000
111111111110000000000
111111111111000000000
111111111111100000000
111111111111110000000
111111111111111000000
111111111111111100000
111111111111111110000
111111111111111111000
111111111111111111100
111111111111111111110
11
14
18
11
14
2
8
16
5
14
17
17
8
12
10
14
18
7
11
8
2
6
17
15
6
8
5
15
11
6
8
8
14
15
15
16
17
5
11
14
7
13
6
15
8
4
20
8
5
5
6
14
15
19
7
12
5
13
12
11
11
2
9
16
12
17
7
3
18
11
9
7
3
4
19
6
2
15
18
9
10
2
3
7
3
17
14
9
2
4
14
9
11
4
8
5
5
9
10
18
