13
000000000000000000000000000000000000000000000000000000000000000000000000000000
100000000000000000000000000000000000000000000000000000000000000000000000000000
110000000000000000000000000000000000000000000000000000000000000000000000000000
111000000000000000000000000000000000000000000000000000000000000000000000000000
111100000000000000000000000000000000000000000000000000000000000000000000000000
111110000000000000000000000000000000000000000000000000000000000000000000000000
111111000000000000000000000000000000000000000000000000000000000000000000000000
111111100000000000000000000000000000000000000000000000000000000000000000000000
111111110000000000000000000000000000000000000000000000000000000000000000000000
111111111000000000000000000000000000000000000000000000000000000000000000000000
111111111100000000000000000000000000000000000000000000000000000000000000000000
111111111110000000000000000000000000000000000000000000000000000000000000000000
111111111111000000000000000000000000000000000000000000000000000000000000000000
111111111111100000000000000000000000000000000000000000000000000000000000000000
111111111111110000000000000000000000000000000000000000000000000000000000000000
111111111111111000000000000000000000000000000000000000000000000000000000000000
111111111111111100000000000000000000000000000000000000000000000000000000000000
111111111111111110000000000000000000000000000000000000000000000000000000000000
111111111111111111000000000000000000000000000000000000000000000000000000000000
111111111111111111100000000000000000000000000000000000000000000000000000000000
111111111111111111110000000000000000000000000000000000000000000000000000000000
111111111111111111111000000000000000000000000000000000000000000000000000000000
111111111111111111111100000000000000000000000000000000000000000000000000000000
111111111111111111111110000000000000000000000000000000000000000000000000000000
111111111111111111111111000000000000000000000000000000000000000000000000000000
111111111111111111111111100000000000000000000000000000000000000000000000000000
111111111111111111111111110000000000000000000000000000000000000000000000000000
111111111111111111111111111000000000000000000000000000000000000000000000000000
111111111111111111111111111100000000000000000000000000000000000000000000000000
111111111111111111111111111110000000000000000000000000000000000000000000000000
111111111111111111111111111111000000000000000000000000000000000000000000000000
111111111111111111111111111111100000000000000000000000000000000000000000000000
111111111111111111111111111111110000000000000000000000000000000000000000000000
111111111111111111111111111111111000000000000000000000000000000000000000000000
111111111111111111111111111111111100000000000000000000000000000000000000000000
111111111111111111111111111111111110000000000000000000000000000000000000000000
111111111111111111111111111111111111000000000000000000000000000000000000000000
111111111111111111111111111111111111100000000000000000000000000000000000000000
111111111111111111111111111111111111110000000000000000000000000000000000000000
111111111111111111111111111111111111111000000000000000000000000000000000000000
111111111111111111111111111111111111111100000000000000000000000000000000000000
111111111111111111111111111111111111111110000000000000000000000000000000000000
111111111111111111111111111111111111111111000000000000000000000000000000000000
111111111111111111111111111111111111111111100000000000000000000000000000000000
111111111111111111111111111111111111111111110000000000000000000000000000000000
111111111111111111111111111111111111111111111000000000000000000000000000000000
111111111111111111111111111111111111111111111100000000000000000000000000000000
111111111111111111111111111111111111111111111110000000000000000000000000000000
111111111111111111111111111111111111111111111111000000000000000000000000000000
111111111111111111111111111111111111111111111111100000000000000000000000000000
111111111111111111111111111111111111111111111111110000000000000000000000000000
111111111111111111111111111111111111111111111111111000000000000000000000000000
111111111111111111111111111111111111111111111111111100000000000000000000000000
111111111111111111111111111111111111111111111111111110000000000000000000000000
111111111111111111111111111111111111111111111111111111000000000000000000000000
111111111111111111111111111111111111111111111111111111100000000000000000000000
111111111111111111111111111111111111111111111111111111110000000000000000000000
111111111111111111111111111111111111111111111111111111111000000000000000000000
111111111111111111111111111111111111111111111111111111111100000000000000000000
111111111111111111111111111111111111111111111111111111111110000000000000000000
111111111111111111111111111111111111111111111111111111111111000000000000000000
111111111111111111111111111111111111111111111111111111111111100000000000000000
111111111111111111111111111111111111111111111111111111111111110000000000000000
111111111111111111111111111111111111111111111111111111111111111000000000000000
111111111111111111111111111111111111111111111111111111111111111100000000000000
111111111111111111111111111111111111111111111111111111111111111110000000000000
111111111111111111111111111111111111111111111111111111111111111111000000000000
111111111111111111111111111111111111111111111111111111111111111111100000000000
111111111111111111111111111111111111111111111111111111111111111111110000000000
111111111111111111111111111111111111111111111111111111111111111111111000000000
111111111111111111111111111111111111111111111111111111111111111111111100000000
111111111111111111111111111111111111111111111111111111111111111111111110000000
111111111111111111111111111111111111111111111111111111111111111111111111000000
111111111111111111111111111111111111111111111111111111111111111111111111100000
18
30
51
27
40
25
57
54
19
30
18
37
62
26
35
24
29
45
50
37
15
47
38
48
27
52
42
64
52
36
37
52
30
40
47
23
55
34
52
47
55
35
36
57
63
58
33
57
62
19
29
34
35
34
35
37
42
31
16
45
32
54
34
31
54
53
31
28
17
33
62
47
23
23
40
44
50
53
16
23
31
37
56
50
22
27
40
34
29
34
37
11
26
48
33
36
51
58
16
52
