8
0000000000000000000000000000
1000000000000000000000000000
1100000000000000000000000000
1110000000000000000000000000
1111000000000000000000000000
1111100000000000000000000000
1111110000000000000000000000
1111111000000000000000000000
1111111100000000000000000000
1111111110000000000000000000
1111111111000000000000000000
1111111111100000000000000000
1111111111110000000000000000
1111111111111000000000000000
1111111111111100000000000000
1111111111111110000000000000
1111111111111111000000000000
1111111111111111100000000000
1111111111111111110000000000
1111111111111111111000000000
1111111111111111111100000000
1111111111111111111110000000
1111111111111111111111000000
14
7
19
9
6
7
12
18
17
22
7
13
7
4
6
9
8
3
2
5
5
6
12
21
7
13
16
6
13
7
4
12
3
13
17
10
10
4
15
15
4
15
15
9
13
9
9
11
21
13
20
2
6
4
17
0
17
2
22
19
19
21
9
2
1
6
15
21
5
20
4
11
17
5
21
12
21
15
7
4
17
7
14
15
9
14
5
11
21
10
5
13
20
14
13
4
4
17
20
7
