12
000000000000000000000000000000000000000000000000000000000000000000
100000000000000000000000000000000000000000000000000000000000000000
110000000000000000000000000000000000000000000000000000000000000000
111000000000000000000000000000000000000000000000000000000000000000
111100000000000000000000000000000000000000000000000000000000000000
111110000000000000000000000000000000000000000000000000000000000000
111111000000000000000000000000000000000000000000000000000000000000
111111100000000000000000000000000000000000000000000000000000000000
111111110000000000000000000000000000000000000000000000000000000000
111111111000000000000000000000000000000000000000000000000000000000
111111111100000000000000000000000000000000000000000000000000000000
111111111110000000000000000000000000000000000000000000000000000000
111111111111000000000000000000000000000000000000000000000000000000
111111111111100000000000000000000000000000000000000000000000000000
111111111111110000000000000000000000000000000000000000000000000000
111111111111111000000000000000000000000000000000000000000000000000
111111111111111100000000000000000000000000000000000000000000000000
111111111111111110000000000000000000000000000000000000000000000000
111111111111111111000000000000000000000000000000000000000000000000
111111111111111111100000000000000000000000000000000000000000000000
111111111111111111110000000000000000000000000000000000000000000000
111111111111111111111000000000000000000000000000000000000000000000
111111111111111111111100000000000000000000000000000000000000000000
111111111111111111111110000000000000000000000000000000000000000000
111111111111111111111111000000000000000000000000000000000000000000
111111111111111111111111100000000000000000000000000000000000000000
111111111111111111111111110000000000000000000000000000000000000000
111111111111111111111111111000000000000000000000000000000000000000
111111111111111111111111111100000000000000000000000000000000000000
111111111111111111111111111110000000000000000000000000000000000000
111111111111111111111111111111000000000000000000000000000000000000
111111111111111111111111111111100000000000000000000000000000000000
111111111111111111111111111111110000000000000000000000000000000000
111111111111111111111111111111111000000000000000000000000000000000
111111111111111111111111111111111100000000000000000000000000000000
111111111111111111111111111111111110000000000000000000000000000000
111111111111111111111111111111111111000000000000000000000000000000
111111111111111111111111111111111111100000000000000000000000000000
111111111111111111111111111111111111110000000000000000000000000000
111111111111111111111111111111111111111000000000000000000000000000
111111111111111111111111111111111111111100000000000000000000000000
111111111111111111111111111111111111111110000000000000000000000000
111111111111111111111111111111111111111111000000000000000000000000
111111111111111111111111111111111111111111100000000000000000000000
111111111111111111111111111111111111111111110000000000000000000000
111111111111111111111111111111111111111111111000000000000000000000
111111111111111111111111111111111111111111111100000000000000000000
111111111111111111111111111111111111111111111110000000000000000000
111111111111111111111111111111111111111111111111000000000000000000
111111111111111111111111111111111111111111111111100000000000000000
111111111111111111111111111111111111111111111111110000000000000000
111111111111111111111111111111111111111111111111111000000000000000
111111111111111111111111111111111111111111111111111100000000000000
111111111111111111111111111111111111111111111111111110000000000000
111111111111111111111111111111111111111111111111111111000000000000
111111111111111111111111111111111111111111111111111111100000000000
111111111111111111111111111111111111111111111111111111110000000000
111111111111111111111111111111111111111111111111111111111000000000
17
18
31
43
25
38
41
33
28
42
40
24
26
37
28
41
26
22
37
32
22
43
36
30
35
32
25
23
24
32
37
28
36
44
17
36
28
23
23
22
43
33
30
42
17
36
30
43
35
15
41
29
29
42
28
34
45
16
28
32
40
39
31
21
27
39
35
22
25
28
29
50
33
40
30
25
15
34
31
14
18
27
47
30
39
33
19
27
43
22
41
24
22
39
26
39
16
36
38
37
