8
0000000000000000000000000000
1000000000000000000000000000
1100000000000000000000000000
1110000000000000000000000000
1111000000000000000000000000
1111100000000000000000000000
1111110000000000000000000000
1111111000000000000000000000
1111111100000000000000000000
1111111110000000000000000000
1111111111000000000000000000
1111111111100000000000000000
1111111111110000000000000000
1111111111111000000000000000
1111111111111100000000000000
1111111111111110000000000000
1111111111111111000000000000
1111111111111111100000000000
1111111111111111110000000000
1111111111111111111000000000
1111111111111111111100000000
1111111111111111111110000000
1111111111111111111111000000
1111111111111111111111100000
19
13
13
8
7
10
19
17
11
19
11
11
10
7
19
11
17
16
8
13
12
15
7
11
8
12
14
10
6
13
7
7
11
17
14
13
15
14
16
20
14
10
7
11
12
8
10
16
15
21
18
10
16
19
15
10
7
17
18
14
12
4
15
12
15
10
14
17
13
13
13
7
13
12
12
18
17
12
9
12
14
16
12
17
14
6
17
15
13
11
16
10
16
14
10
10
13
15
9
12
