9
000000000000000000000000000000000000
100000000000000000000000000000000000
110000000000000000000000000000000000
111000000000000000000000000000000000
111100000000000000000000000000000000
111110000000000000000000000000000000
111111000000000000000000000000000000
111111100000000000000000000000000000
111111110000000000000000000000000000
111111111000000000000000000000000000
111111111100000000000000000000000000
111111111110000000000000000000000000
111111111111000000000000000000000000
111111111111100000000000000000000000
111111111111110000000000000000000000
111111111111111000000000000000000000
111111111111111100000000000000000000
111111111111111110000000000000000000
111111111111111111000000000000000000
111111111111111111100000000000000000
111111111111111111110000000000000000
111111111111111111111000000000000000
111111111111111111111100000000000000
111111111111111111111110000000000000
111111111111111111111111000000000000
111111111111111111111111100000000000
111111111111111111111111110000000000
111111111111111111111111111000000000
111111111111111111111111111100000000
6
9
13
22
23
12
15
16
17
6
16
24
14
20
15
23
20
16
21
27
18
6
9
13
8
23
18
24
25
10
11
19
5
10
10
16
13
11
8
17
12
17
25
18
19
16
23
11
21
13
21
1
14
9
17
25
13
18
21
8
9
13
7
21
16
18
20
23
13
4
18
16
13
5
7
26
11
6
17
17
19
10
6
22
10
8
12
16
7
16
19
17
20
15
15
17
7
8
2
10
