7
000000000000000000000
100000000000000000000
110000000000000000000
111000000000000000000
111100000000000000000
111110000000000000000
111111000000000000000
111111100000000000000
111111110000000000000
111111111000000000000
111111111100000000000
111111111110000000000
111111111111000000000
111111111111100000000
111111111111110000000
111111111111111000000
111111111111111100000
10
9
11
14
6
3
15
5
11
13
7
6
10
2
12
3
3
12
13
1
6
3
8
5
14
13
13
7
11
13
3
11
8
8
12
12
8
9
15
5
7
16
14
4
6
9
7
10
8
7
13
11
12
12
7
8
7
11
7
9
8
7
11
6
8
10
10
6
7
16
11
8
13
8
6
8
14
11
6
4
5
9
10
12
13
9
13
13
6
6
9
7
11
8
7
13
7
7
10
7
