8
0000000000000000000000000000
1000000000000000000000000000
1100000000000000000000000000
1110000000000000000000000000
1111000000000000000000000000
1111100000000000000000000000
1111110000000000000000000000
1111111000000000000000000000
1111111100000000000000000000
1111111110000000000000000000
1111111111000000000000000000
1111111111100000000000000000
1111111111110000000000000000
1111111111111000000000000000
1111111111111100000000000000
1111111111111110000000000000
1111111111111111000000000000
1111111111111111100000000000
1111111111111111110000000000
1111111111111111111000000000
1111111111111111111100000000
1111111111111111111110000000
1111111111111111111111000000
1111111111111111111111100000
18
14
16
7
12
19
19
11
14
12
8
5
9
12
9
14
9
11
9
12
9
11
19
10
5
9
9
10
10
11
16
13
9
8
9
8
11
12
20
21
13
15
13
21
7
13
16
9
17
17
11
14
6
18
12
17
10
5
12
19
5
13
10
14
7
10
6
8
17
18
21
11
18
16
17
9
16
16
11
15
22
11
14
12
10
15
11
8
6
14
12
9
17
12
5
15
16
8
10
10
