7
000000000000000000000
100000000000000000000
110000000000000000000
111000000000000000000
111100000000000000000
111110000000000000000
111111000000000000000
111111100000000000000
111111110000000000000
111111111000000000000
111111111100000000000
111111111110000000000
111111111111000000000
111111111111100000000
111111111111110000000
111111111111111000000
111111111111111100000
111111111111111110000
111111111111111111000
8
12
12
10
5
13
10
9
9
6
12
11
12
11
10
7
7
5
7
7
6
3
11
8
10
8
4
11
10
15
12
10
5
11
13
11
8
11
7
8
6
9
12
8
7
10
5
6
9
8
16
11
14
12
9
15
10
12
12
14
9
12
10
14
9
12
10
6
8
5
6
14
11
10
5
9
9
14
12
11
9
8
11
13
13
9
9
7
9
11
12
9
12
11
10
11
2
11
10
10
