8
0000000000000000000000000000
1000000000000000000000000000
1100000000000000000000000000
1110000000000000000000000000
1111000000000000000000000000
1111100000000000000000000000
1111110000000000000000000000
1111111000000000000000000000
1111111100000000000000000000
1111111110000000000000000000
1111111111000000000000000000
1111111111100000000000000000
1111111111110000000000000000
1111111111111000000000000000
1111111111111100000000000000
1111111111111110000000000000
1111111111111111000000000000
1111111111111111100000000000
1111111111111111110000000000
1111111111111111111000000000
1111111111111111111100000000
1111111111111111111110000000
10
11
15
18
8
6
7
19
7
11
4
13
12
17
9
16
5
15
19
16
13
19
12
8
14
17
6
8
16
12
7
19
11
12
21
15
13
10
6
15
21
15
11
8
21
16
14
12
11
15
10
19
11
7
16
5
10
13
13
19
5
13
10
11
15
17
7
7
8
5
8
17
14
9
16
6
13
8
15
10
18
8
17
13
8
17
15
17
8
14
14
13
19
11
10
7
12
10
14
12
