12
000000000000000000000000000000000000000000000000000000000000000000
100000000000000000000000000000000000000000000000000000000000000000
110000000000000000000000000000000000000000000000000000000000000000
111000000000000000000000000000000000000000000000000000000000000000
111100000000000000000000000000000000000000000000000000000000000000
111110000000000000000000000000000000000000000000000000000000000000
111111000000000000000000000000000000000000000000000000000000000000
111111100000000000000000000000000000000000000000000000000000000000
111111110000000000000000000000000000000000000000000000000000000000
111111111000000000000000000000000000000000000000000000000000000000
111111111100000000000000000000000000000000000000000000000000000000
111111111110000000000000000000000000000000000000000000000000000000
111111111111000000000000000000000000000000000000000000000000000000
111111111111100000000000000000000000000000000000000000000000000000
111111111111110000000000000000000000000000000000000000000000000000
111111111111111000000000000000000000000000000000000000000000000000
111111111111111100000000000000000000000000000000000000000000000000
111111111111111110000000000000000000000000000000000000000000000000
111111111111111111000000000000000000000000000000000000000000000000
111111111111111111100000000000000000000000000000000000000000000000
111111111111111111110000000000000000000000000000000000000000000000
111111111111111111111000000000000000000000000000000000000000000000
111111111111111111111100000000000000000000000000000000000000000000
111111111111111111111110000000000000000000000000000000000000000000
111111111111111111111111000000000000000000000000000000000000000000
111111111111111111111111100000000000000000000000000000000000000000
111111111111111111111111110000000000000000000000000000000000000000
111111111111111111111111111000000000000000000000000000000000000000
111111111111111111111111111100000000000000000000000000000000000000
111111111111111111111111111110000000000000000000000000000000000000
111111111111111111111111111111000000000000000000000000000000000000
111111111111111111111111111111100000000000000000000000000000000000
111111111111111111111111111111110000000000000000000000000000000000
111111111111111111111111111111111000000000000000000000000000000000
111111111111111111111111111111111100000000000000000000000000000000
111111111111111111111111111111111110000000000000000000000000000000
111111111111111111111111111111111111000000000000000000000000000000
111111111111111111111111111111111111100000000000000000000000000000
111111111111111111111111111111111111110000000000000000000000000000
111111111111111111111111111111111111111000000000000000000000000000
111111111111111111111111111111111111111100000000000000000000000000
111111111111111111111111111111111111111110000000000000000000000000
111111111111111111111111111111111111111111000000000000000000000000
111111111111111111111111111111111111111111100000000000000000000000
111111111111111111111111111111111111111111110000000000000000000000
111111111111111111111111111111111111111111111000000000000000000000
111111111111111111111111111111111111111111111100000000000000000000
111111111111111111111111111111111111111111111110000000000000000000
111111111111111111111111111111111111111111111111000000000000000000
111111111111111111111111111111111111111111111111100000000000000000
111111111111111111111111111111111111111111111111110000000000000000
111111111111111111111111111111111111111111111111111000000000000000
111111111111111111111111111111111111111111111111111100000000000000
111111111111111111111111111111111111111111111111111110000000000000
111111111111111111111111111111111111111111111111111111000000000000
111111111111111111111111111111111111111111111111111111100000000000
111111111111111111111111111111111111111111111111111111110000000000
111111111111111111111111111111111111111111111111111111111000000000
111111111111111111111111111111111111111111111111111111111100000000
111111111111111111111111111111111111111111111111111111111110000000
111111111111111111111111111111111111111111111111111111111111000000
19
20
20
31
30
22
30
43
51
30
34
38
48
29
36
25
44
18
38
47
54
36
19
24
18
49
47
30
19
42
11
39
20
32
22
35
20
9
31
12
31
17
40
49
6
23
44
7
16
21
35
46
37
48
31
11
31
15
43
35
17
28
23
28
44
30
12
11
36
34
42
20
42
35
23
26
10
30
46
35
46
50
25
22
41
41
27
44
31
24
27
51
32
33
17
11
44
48
26
44
