7
000000000000000000000
100000000000000000000
110000000000000000000
111000000000000000000
111100000000000000000
111110000000000000000
111111000000000000000
111111100000000000000
111111110000000000000
111111111000000000000
111111111100000000000
111111111110000000000
111111111111000000000
111111111111100000000
111111111111110000000
111111111111111000000
111111111111111100000
111111111111111110000
111111111111111111000
111111111111111111100
111111111111111111110
6
7
8
9
10
6
6
10
9
12
9
7
16
11
16
15
9
7
11
7
15
16
7
8
12
13
8
4
16
7
3
12
11
12
12
7
11
12
12
16
9
16
12
6
12
7
13
7
9
12
12
11
9
14
9
16
12
13
11
3
9
9
4
12
12
5
5
10
11
15
8
10
10
9
12
12
6
12
8
9
6
8
15
5
16
8
10
14
13
11
5
15
7
11
10
5
8
7
12
13
