7
000000000000000000000
100000000000000000000
110000000000000000000
111000000000000000000
111100000000000000000
111110000000000000000
111111000000000000000
111111100000000000000
111111110000000000000
111111111000000000000
111111111100000000000
111111111110000000000
111111111111000000000
111111111111100000000
111111111111110000000
111111111111111000000
111111111111111100000
111111111111111110000
111111111111111111000
10
7
9
14
10
14
12
8
10
8
7
12
11
6
9
5
14
8
14
12
6
6
4
14
5
14
10
16
8
12
14
6
7
6
6
7
6
6
16
14
13
8
13
4
11
5
11
7
14
6
7
10
9
13
11
8
13
14
6
5
10
3
15
11
9
11
8
11
6
16
9
5
5
7
10
4
11
8
8
4
10
4
6
12
11
7
14
15
5
11
11
10
9
15
13
17
12
6
12
10
