5
0000000000
1000000000
1100000000
1000000100
1110000000
1100100000
1100010000
1100000001
1111000000
1110100000
1110001000
1100100001
1100010100
1100010010
1111100000
1110110000
1110101000
1110100001
1110001010
1100010011
1111110000
1111100001
1110110100
1110110010
1110101001
1110001011
24
19
17
22
16
10
24
13
10
7
24
21
23
17
9
18
25
20
17
25
7
17
16
4
20
25
6
18
10
2
8
18
6
18
17
21
18
17
1
25
18
2
9
11
16
17
21
20
25
17
20
23
15
18
6
25
6
3
13
17
15
19
18
10
9
16
17
18
16
10
14
23
6
25
25
18
17
7
16
25
3
7
17
25
11
16
25
25
24
6
13
3
16
1
3
20
6
25
25
9
