8
0000000000000000000000000000
1000000000000000000000000000
1100000000000000000000000000
1110000000000000000000000000
1111000000000000000000000000
1111100000000000000000000000
1111110000000000000000000000
1111111000000000000000000000
1111111100000000000000000000
1111111110000000000000000000
1111111111000000000000000000
1111111111100000000000000000
1111111111110000000000000000
1111111111111000000000000000
1111111111111100000000000000
1111111111111110000000000000
1111111111111111000000000000
1111111111111111100000000000
1111111111111111110000000000
1111111111111111111000000000
1111111111111111111100000000
1111111111111111111110000000
17
8
16
8
16
10
8
13
8
16
16
5
12
12
11
19
14
15
15
12
12
10
9
6
13
16
12
12
10
11
15
15
9
16
20
17
11
11
14
6
13
15
12
7
13
15
11
14
12
17
16
20
14
13
12
14
18
12
15
19
13
12
8
15
15
11
13
16
16
14
17
14
12
16
11
12
15
16
11
21
18
13
12
13
18
17
8
14
16
14
15
11
11
12
13
9
15
14
16
7
