10
000000000000000000000000000000000000000000000
100000000000000000000000000000000000000000000
110000000000000000000000000000000000000000000
111000000000000000000000000000000000000000000
111100000000000000000000000000000000000000000
111110000000000000000000000000000000000000000
111111000000000000000000000000000000000000000
111111100000000000000000000000000000000000000
111111110000000000000000000000000000000000000
111111111000000000000000000000000000000000000
111111111100000000000000000000000000000000000
111111111110000000000000000000000000000000000
111111111111000000000000000000000000000000000
111111111111100000000000000000000000000000000
111111111111110000000000000000000000000000000
111111111111111000000000000000000000000000000
111111111111111100000000000000000000000000000
111111111111111110000000000000000000000000000
111111111111111111000000000000000000000000000
111111111111111111100000000000000000000000000
111111111111111111110000000000000000000000000
111111111111111111111000000000000000000000000
111111111111111111111100000000000000000000000
111111111111111111111110000000000000000000000
111111111111111111111111000000000000000000000
111111111111111111111111100000000000000000000
111111111111111111111111110000000000000000000
111111111111111111111111111000000000000000000
111111111111111111111111111100000000000000000
111111111111111111111111111110000000000000000
111111111111111111111111111111000000000000000
111111111111111111111111111111100000000000000
111111111111111111111111111111110000000000000
111111111111111111111111111111111000000000000
111111111111111111111111111111111100000000000
111111111111111111111111111111111110000000000
111111111111111111111111111111111111000000000
111111111111111111111111111111111111100000000
111111111111111111111111111111111111110000000
111111111111111111111111111111111111111000000
111111111111111111111111111111111111111100000
111111111111111111111111111111111111111110000
111111111111111111111111111111111111111111000
111111111111111111111111111111111111111111100
21
27
24
15
32
35
22
31
24
27
24
21
19
29
26
24
30
27
30
18
29
20
20
17
25
17
20
21
13
24
25
20
26
18
21
24
19
27
17
27
20
21
16
30
21
23
19
31
22
26
20
23
24
27
15
21
19
22
22
21
20
24
12
19
25
21
22
23
23
20
24
23
25
27
21
17
22
21
21
18
25
25
21
23
22
24
17
27
25
24
25
18
23
29
23
18
23
25
28
24
