9
000000000000000000000000000000000000
100000000000000000000000000000000000
110000000000000000000000000000000000
111000000000000000000000000000000000
111100000000000000000000000000000000
111110000000000000000000000000000000
111111000000000000000000000000000000
111111100000000000000000000000000000
111111110000000000000000000000000000
111111111000000000000000000000000000
111111111100000000000000000000000000
111111111110000000000000000000000000
111111111111000000000000000000000000
111111111111100000000000000000000000
111111111111110000000000000000000000
111111111111111000000000000000000000
111111111111111100000000000000000000
111111111111111110000000000000000000
111111111111111111000000000000000000
111111111111111111100000000000000000
111111111111111111110000000000000000
111111111111111111111000000000000000
111111111111111111111100000000000000
111111111111111111111110000000000000
111111111111111111111111000000000000
111111111111111111111111100000000000
111111111111111111111111110000000000
111111111111111111111111111000000000
111111111111111111111111111100000000
111111111111111111111111111110000000
22
19
19
16
11
14
18
22
24
11
18
15
14
21
17
25
19
12
12
12
17
9
9
14
29
17
16
19
17
16
18
23
23
20
20
28
20
19
3
1
9
20
14
16
20
14
9
6
13
22
13
13
18
18
6
9
22
25
19
10
10
10
14
17
16
18
25
16
10
17
18
14
23
23
19
17
11
9
9
15
10
18
6
19
11
22
21
26
13
13
17
15
14
12
21
11
13
23
12
13
