6
000000000000000
100000000000000
110000000000000
100000000100000
111000000000000
110001000000000
110000100000000
110000000000100
100000000100001
111100000000000
111001000000000
111000010000000
111000000000001
110001000000100
110000100100000
110000100010000
110000100000001
110000000000110
111110000000000
111101000000000
111100001000000
111001100000000
111001010000000
111001000000100
111001000000001
111000011000000
111000010010000
111000010001000
111000010000001
110001000000110
110000100100001
110000100010100
110000100010010
111111000000000
111101100000000
111101001000000
111101000000100
111101000000010
111100001001000
111001100100000
111001100010000
111001100000001
111001010001000
111001010000100
111001010000010
111001000000110
111001000000101
111000011010000
111000010010100
111000010010010
111000010010001
111000010001001
110001000000111
110000100010011
111111100000000
111111000000100
111101110000000
111101101000000
111101100100000
111101100010000
111101100001000
111101100000001
111101001001000
111101001000100
111101001000010
111101000000011
111100001001010
111001100100001
111001100010100
111001100010010
111001100010001
111001010001100
111001010000110
111001010000011
111001000000111
111000011011000
111000011010010
111000010010011
111111110000000
111111100100000
111111100010000
111111100000001
111101110100000
111101110001000
111101101100000
111101101010000
111101101000001
111101100100001
111101100010100
111101100010010
111101100001010
111101100001001
111101001001100
9
16
61
48
62
17
33
57
52
85
10
41
40
18
86
60
28
84
64
92
76
77
13
88
44
42
42
23
31
28
45
84
89
23
46
90
64
21
41
53
65
48
55
13
89
58
32
85
24
3
45
15
91
2
69
92
0
61
21
23
76
22
15
77
68
32
2
34
79
51
64
24
17
75
57
40
89
12
48
1
58
92
33
44
71
30
59
46
63
14
28
54
34
24
19
92
74
26
11
86
