7
000000000000000000000
100000000000000000000
110000000000000000000
111000000000000000000
111100000000000000000
111110000000000000000
111111000000000000000
111111100000000000000
111111110000000000000
111111111000000000000
111111111100000000000
111111111110000000000
111111111111000000000
111111111111100000000
111111111111110000000
111111111111111000000
111111111111111100000
111111111111111110000
111111111111111111000
7
7
13
12
10
6
9
3
5
10
17
14
12
11
14
5
16
6
10
2
16
16
15
3
9
9
4
7
16
16
7
10
12
13
14
13
13
13
10
13
17
4
0
4
13
6
13
5
12
6
7
8
6
12
8
13
15
9
11
14
12
7
14
3
10
13
3
13
2
5
7
10
15
13
12
6
5
3
15
3
7
17
15
4
12
10
14
5
4
17
16
4
10
17
17
10
11
12
12
7
