8
0000000000000000000000000000
1000000000000000000000000000
1100000000000000000000000000
1110000000000000000000000000
1111000000000000000000000000
1111100000000000000000000000
1111110000000000000000000000
1111111000000000000000000000
1111111100000000000000000000
1111111110000000000000000000
1111111111000000000000000000
1111111111100000000000000000
1111111111110000000000000000
1111111111111000000000000000
1111111111111100000000000000
1111111111111110000000000000
1111111111111111000000000000
1111111111111111100000000000
1111111111111111110000000000
1111111111111111111000000000
1111111111111111111100000000
1111111111111111111110000000
1111111111111111111111000000
1111111111111111111111100000
1111111111111111111111110000
21
2
10
1
10
5
6
1
3
4
0
14
23
23
4
7
9
17
23
1
3
0
16
4
2
20
3
13
6
16
5
12
5
12
4
15
19
16
13
16
7
7
22
15
13
8
23
9
1
18
7
0
4
7
7
15
16
23
7
8
8
18
6
0
3
4
21
23
15
17
3
18
4
2
2
17
17
2
18
9
13
3
10
7
13
24
1
6
22
23
13
18
13
21
21
15
8
10
9
16
