7
000000000000000000000
100000000000000000000
110000000000000000000
111000000000000000000
111100000000000000000
111110000000000000000
111111000000000000000
111111100000000000000
111111110000000000000
111111111000000000000
111111111100000000000
111111111110000000000
111111111111000000000
111111111111100000000
111111111111110000000
111111111111111000000
111111111111111100000
111111111111111110000
111111111111111111000
111111111111111111100
10
11
12
5
8
6
4
8
13
7
10
9
8
11
9
5
10
7
6
15
10
9
13
13
13
14
11
14
13
7
14
13
10
6
8
12
14
6
10
8
10
14
12
11
7
8
14
9
11
9
12
9
14
9
15
13
9
10
8
5
10
9
13
5
9
10
13
8
8
11
12
8
10
9
16
13
11
14
13
7
7
11
10
13
17
8
15
11
14
7
9
5
13
7
10
16
16
3
10
8
