13
000000000000000000000000000000000000000000000000000000000000000000000000000000
100000000000000000000000000000000000000000000000000000000000000000000000000000
110000000000000000000000000000000000000000000000000000000000000000000000000000
111000000000000000000000000000000000000000000000000000000000000000000000000000
111100000000000000000000000000000000000000000000000000000000000000000000000000
111110000000000000000000000000000000000000000000000000000000000000000000000000
111111000000000000000000000000000000000000000000000000000000000000000000000000
111111100000000000000000000000000000000000000000000000000000000000000000000000
111111110000000000000000000000000000000000000000000000000000000000000000000000
111111111000000000000000000000000000000000000000000000000000000000000000000000
111111111100000000000000000000000000000000000000000000000000000000000000000000
111111111110000000000000000000000000000000000000000000000000000000000000000000
111111111111000000000000000000000000000000000000000000000000000000000000000000
111111111111100000000000000000000000000000000000000000000000000000000000000000
111111111111110000000000000000000000000000000000000000000000000000000000000000
111111111111111000000000000000000000000000000000000000000000000000000000000000
111111111111111100000000000000000000000000000000000000000000000000000000000000
111111111111111110000000000000000000000000000000000000000000000000000000000000
111111111111111111000000000000000000000000000000000000000000000000000000000000
111111111111111111100000000000000000000000000000000000000000000000000000000000
111111111111111111110000000000000000000000000000000000000000000000000000000000
111111111111111111111000000000000000000000000000000000000000000000000000000000
111111111111111111111100000000000000000000000000000000000000000000000000000000
111111111111111111111110000000000000000000000000000000000000000000000000000000
111111111111111111111111000000000000000000000000000000000000000000000000000000
111111111111111111111111100000000000000000000000000000000000000000000000000000
111111111111111111111111110000000000000000000000000000000000000000000000000000
111111111111111111111111111000000000000000000000000000000000000000000000000000
111111111111111111111111111100000000000000000000000000000000000000000000000000
111111111111111111111111111110000000000000000000000000000000000000000000000000
111111111111111111111111111111000000000000000000000000000000000000000000000000
111111111111111111111111111111100000000000000000000000000000000000000000000000
111111111111111111111111111111110000000000000000000000000000000000000000000000
111111111111111111111111111111111000000000000000000000000000000000000000000000
111111111111111111111111111111111100000000000000000000000000000000000000000000
111111111111111111111111111111111110000000000000000000000000000000000000000000
111111111111111111111111111111111111000000000000000000000000000000000000000000
111111111111111111111111111111111111100000000000000000000000000000000000000000
111111111111111111111111111111111111110000000000000000000000000000000000000000
111111111111111111111111111111111111111000000000000000000000000000000000000000
111111111111111111111111111111111111111100000000000000000000000000000000000000
111111111111111111111111111111111111111110000000000000000000000000000000000000
111111111111111111111111111111111111111111000000000000000000000000000000000000
111111111111111111111111111111111111111111100000000000000000000000000000000000
111111111111111111111111111111111111111111110000000000000000000000000000000000
111111111111111111111111111111111111111111111000000000000000000000000000000000
111111111111111111111111111111111111111111111100000000000000000000000000000000
111111111111111111111111111111111111111111111110000000000000000000000000000000
111111111111111111111111111111111111111111111111000000000000000000000000000000
111111111111111111111111111111111111111111111111100000000000000000000000000000
111111111111111111111111111111111111111111111111110000000000000000000000000000
111111111111111111111111111111111111111111111111111000000000000000000000000000
111111111111111111111111111111111111111111111111111100000000000000000000000000
111111111111111111111111111111111111111111111111111110000000000000000000000000
111111111111111111111111111111111111111111111111111111000000000000000000000000
111111111111111111111111111111111111111111111111111111100000000000000000000000
111111111111111111111111111111111111111111111111111111110000000000000000000000
111111111111111111111111111111111111111111111111111111111000000000000000000000
111111111111111111111111111111111111111111111111111111111100000000000000000000
111111111111111111111111111111111111111111111111111111111110000000000000000000
111111111111111111111111111111111111111111111111111111111111000000000000000000
111111111111111111111111111111111111111111111111111111111111100000000000000000
111111111111111111111111111111111111111111111111111111111111110000000000000000
111111111111111111111111111111111111111111111111111111111111111000000000000000
111111111111111111111111111111111111111111111111111111111111111100000000000000
111111111111111111111111111111111111111111111111111111111111111110000000000000
111111111111111111111111111111111111111111111111111111111111111111000000000000
111111111111111111111111111111111111111111111111111111111111111111100000000000
111111111111111111111111111111111111111111111111111111111111111111110000000000
111111111111111111111111111111111111111111111111111111111111111111111000000000
111111111111111111111111111111111111111111111111111111111111111111111100000000
111111111111111111111111111111111111111111111111111111111111111111111110000000
111111111111111111111111111111111111111111111111111111111111111111111111000000
24
48
63
34
44
56
17
28
38
45
48
46
59
28
28
26
31
19
31
39
29
50
36
31
48
42
39
31
46
16
16
17
48
48
21
27
37
50
35
19
38
18
33
32
26
57
42
19
44
21
53
22
39
46
32
40
61
31
23
39
57
42
26
44
25
59
51
40
36
38
54
41
39
54
15
44
46
22
51
12
26
39
33
33
46
45
63
62
34
30
18
46
21
17
31
26
31
25
51
23
