8
0000000000000000000000000000
1000000000000000000000000000
1100000000000000000000000000
1110000000000000000000000000
1111000000000000000000000000
1111100000000000000000000000
1111110000000000000000000000
1111111000000000000000000000
1111111100000000000000000000
1111111110000000000000000000
1111111111000000000000000000
1111111111100000000000000000
1111111111110000000000000000
1111111111111000000000000000
1111111111111100000000000000
1111111111111110000000000000
1111111111111111000000000000
1111111111111111100000000000
1111111111111111110000000000
1111111111111111111000000000
1111111111111111111100000000
1111111111111111111110000000
1111111111111111111111000000
1111111111111111111111100000
1111111111111111111111110000
15
12
7
15
11
10
15
9
10
14
9
14
12
16
14
9
19
15
10
15
9
15
19
13
15
20
19
16
12
11
14
14
13
12
19
16
11
12
17
11
12
9
14
13
8
12
9
18
22
20
6
16
10
16
9
10
7
10
12
12
11
12
8
12
13
11
22
10
19
10
7
20
8
12
15
17
11
16
7
13
11
16
18
17
18
19
8
15
13
15
15
15
12
17
22
16
14
15
12
11
