10
000000000000000000000000000000000000000000000
100000000000000000000000000000000000000000000
110000000000000000000000000000000000000000000
111000000000000000000000000000000000000000000
111100000000000000000000000000000000000000000
111110000000000000000000000000000000000000000
111111000000000000000000000000000000000000000
111111100000000000000000000000000000000000000
111111110000000000000000000000000000000000000
111111111000000000000000000000000000000000000
111111111100000000000000000000000000000000000
111111111110000000000000000000000000000000000
111111111111000000000000000000000000000000000
111111111111100000000000000000000000000000000
111111111111110000000000000000000000000000000
111111111111111000000000000000000000000000000
111111111111111100000000000000000000000000000
111111111111111110000000000000000000000000000
111111111111111111000000000000000000000000000
111111111111111111100000000000000000000000000
111111111111111111110000000000000000000000000
111111111111111111111000000000000000000000000
111111111111111111111100000000000000000000000
111111111111111111111110000000000000000000000
111111111111111111111111000000000000000000000
111111111111111111111111100000000000000000000
111111111111111111111111110000000000000000000
111111111111111111111111111000000000000000000
111111111111111111111111111100000000000000000
111111111111111111111111111110000000000000000
111111111111111111111111111111000000000000000
111111111111111111111111111111100000000000000
111111111111111111111111111111110000000000000
111111111111111111111111111111111000000000000
111111111111111111111111111111111100000000000
111111111111111111111111111111111110000000000
111111111111111111111111111111111111000000000
111111111111111111111111111111111111100000000
111111111111111111111111111111111111110000000
28
27
31
9
8
16
24
8
15
28
27
7
23
27
12
25
25
28
11
34
7
29
27
10
20
27
32
7
17
26
22
16
11
25
9
22
10
17
22
17
29
19
14
25
9
11
11
8
27
37
22
22
13
36
13
22
4
14
17
8
22
26
9
22
27
35
14
7
16
32
34
3
18
23
19
34
26
14
31
36
33
17
15
24
31
32
32
13
10
13
11
18
30
30
30
23
35
18
30
29
