8
0000000000000000000000000000
1000000000000000000000000000
1100000000000000000000000000
1110000000000000000000000000
1111000000000000000000000000
1111100000000000000000000000
1111110000000000000000000000
1111111000000000000000000000
1111111100000000000000000000
1111111110000000000000000000
1111111111000000000000000000
1111111111100000000000000000
1111111111110000000000000000
1111111111111000000000000000
1111111111111100000000000000
1111111111111110000000000000
1111111111111111000000000000
1111111111111111100000000000
1111111111111111110000000000
1111111111111111111000000000
1111111111111111111100000000
1111111111111111111110000000
1111111111111111111111000000
1111111111111111111111100000
1111111111111111111111110000
1111111111111111111111111000
24
1
10
4
9
18
8
22
3
20
10
3
11
23
11
5
7
23
12
5
3
22
23
14
14
16
13
6
13
20
7
22
24
18
11
11
20
2
6
4
0
2
13
16
11
14
18
19
3
24
2
23
5
10
13
15
14
4
19
23
24
10
24
24
22
18
24
18
21
15
0
7
10
19
18
9
23
11
11
5
16
21
21
16
8
2
14
18
10
17
17
12
6
5
7
3
18
8
16
11
