5
0000000000
1000000000
1100000000
1000000100
1110000000
1100100000
1100010000
1100000001
1111000000
1110100000
1110001000
1100100001
1100010100
1100010010
1111100000
1110110000
1110101000
1110100001
1110001010
1100010011
1111110000
1111100001
1110110100
22
2
20
6
15
18
15
9
1
22
16
2
9
22
0
11
15
14
17
9
16
2
9
19
2
14
2
16
6
5
4
10
10
22
22
5
21
9
22
1
10
4
0
22
3
17
1
9
8
14
17
0
15
11
16
22
6
17
8
6
0
4
14
9
15
3
22
15
13
2
6
9
2
13
3
15
10
3
6
2
1
19
18
9
20
10
22
22
17
17
5
9
8
9
20
1
17
14
16
22
