12
000000000000000000000000000000000000000000000000000000000000000000
100000000000000000000000000000000000000000000000000000000000000000
110000000000000000000000000000000000000000000000000000000000000000
111000000000000000000000000000000000000000000000000000000000000000
111100000000000000000000000000000000000000000000000000000000000000
111110000000000000000000000000000000000000000000000000000000000000
111111000000000000000000000000000000000000000000000000000000000000
111111100000000000000000000000000000000000000000000000000000000000
111111110000000000000000000000000000000000000000000000000000000000
111111111000000000000000000000000000000000000000000000000000000000
111111111100000000000000000000000000000000000000000000000000000000
111111111110000000000000000000000000000000000000000000000000000000
111111111111000000000000000000000000000000000000000000000000000000
111111111111100000000000000000000000000000000000000000000000000000
111111111111110000000000000000000000000000000000000000000000000000
111111111111111000000000000000000000000000000000000000000000000000
111111111111111100000000000000000000000000000000000000000000000000
111111111111111110000000000000000000000000000000000000000000000000
111111111111111111000000000000000000000000000000000000000000000000
111111111111111111100000000000000000000000000000000000000000000000
111111111111111111110000000000000000000000000000000000000000000000
111111111111111111111000000000000000000000000000000000000000000000
111111111111111111111100000000000000000000000000000000000000000000
111111111111111111111110000000000000000000000000000000000000000000
111111111111111111111111000000000000000000000000000000000000000000
111111111111111111111111100000000000000000000000000000000000000000
111111111111111111111111110000000000000000000000000000000000000000
111111111111111111111111111000000000000000000000000000000000000000
111111111111111111111111111100000000000000000000000000000000000000
111111111111111111111111111110000000000000000000000000000000000000
111111111111111111111111111111000000000000000000000000000000000000
111111111111111111111111111111100000000000000000000000000000000000
111111111111111111111111111111110000000000000000000000000000000000
111111111111111111111111111111111000000000000000000000000000000000
111111111111111111111111111111111100000000000000000000000000000000
111111111111111111111111111111111110000000000000000000000000000000
111111111111111111111111111111111111000000000000000000000000000000
111111111111111111111111111111111111100000000000000000000000000000
111111111111111111111111111111111111110000000000000000000000000000
111111111111111111111111111111111111111000000000000000000000000000
111111111111111111111111111111111111111100000000000000000000000000
111111111111111111111111111111111111111110000000000000000000000000
111111111111111111111111111111111111111111000000000000000000000000
111111111111111111111111111111111111111111100000000000000000000000
111111111111111111111111111111111111111111110000000000000000000000
111111111111111111111111111111111111111111111000000000000000000000
111111111111111111111111111111111111111111111100000000000000000000
111111111111111111111111111111111111111111111110000000000000000000
111111111111111111111111111111111111111111111111000000000000000000
111111111111111111111111111111111111111111111111100000000000000000
111111111111111111111111111111111111111111111111110000000000000000
111111111111111111111111111111111111111111111111111000000000000000
111111111111111111111111111111111111111111111111111100000000000000
111111111111111111111111111111111111111111111111111110000000000000
111111111111111111111111111111111111111111111111111111000000000000
111111111111111111111111111111111111111111111111111111100000000000
111111111111111111111111111111111111111111111111111111110000000000
49
10
10
8
9
43
26
46
32
34
17
15
48
49
53
44
8
53
33
24
15
5
9
24
23
8
37
7
52
11
10
37
12
3
23
33
29
34
32
21
6
51
33
52
33
32
31
50
23
16
27
40
14
35
34
47
22
37
30
8
52
20
40
15
10
29
41
19
1
48
18
29
34
47
8
47
22
38
3
19
25
23
23
46
18
30
19
52
15
29
53
19
14
51
6
50
43
24
8
3
