7
000000000000000000000
100000000000000000000
110000000000000000000
111000000000000000000
111100000000000000000
111110000000000000000
111111000000000000000
111111100000000000000
111111110000000000000
111111111000000000000
111111111100000000000
111111111110000000000
111111111111000000000
111111111111100000000
111111111111110000000
111111111111111000000
111111111111111100000
111111111111111110000
111111111111111111000
111111111111111111100
10
9
8
3
6
8
17
14
15
10
13
8
9
13
11
7
13
4
13
12
10
4
7
5
6
14
8
9
11
12
12
15
11
10
12
10
15
6
3
16
4
8
18
11
9
3
12
10
11
6
10
13
19
9
15
3
15
4
15
9
10
14
14
13
7
6
13
13
8
5
11
15
9
13
6
9
8
11
7
13
11
10
11
13
6
12
15
7
10
7
11
8
15
7
12
10
12
11
11
4
