9
000000000000000000000000000000000000
100000000000000000000000000000000000
110000000000000000000000000000000000
111000000000000000000000000000000000
111100000000000000000000000000000000
111110000000000000000000000000000000
111111000000000000000000000000000000
111111100000000000000000000000000000
111111110000000000000000000000000000
111111111000000000000000000000000000
111111111100000000000000000000000000
111111111110000000000000000000000000
111111111111000000000000000000000000
111111111111100000000000000000000000
111111111111110000000000000000000000
111111111111111000000000000000000000
111111111111111100000000000000000000
111111111111111110000000000000000000
111111111111111111000000000000000000
111111111111111111100000000000000000
111111111111111111110000000000000000
111111111111111111111000000000000000
111111111111111111111100000000000000
111111111111111111111110000000000000
111111111111111111111111000000000000
111111111111111111111111100000000000
111111111111111111111111110000000000
111111111111111111111111111000000000
111111111111111111111111111100000000
111111111111111111111111111110000000
111111111111111111111111111111000000
111111111111111111111111111111100000
111111111111111111111111111111110000
111111111111111111111111111111111000
111111111111111111111111111111111100
111111111111111111111111111111111110
17
19
22
20
15
24
15
20
22
15
22
17
14
13
13
21
11
20
8
13
13
15
20
18
26
10
11
23
19
21
21
16
11
13
18
19
13
16
14
16
20
19
12
12
15
21
21
17
16
22
19
10
17
22
10
20
18
22
17
16
18
16
22
15
19
22
15
19
17
15
16
10
21
25
23
18
16
26
21
17
20
18
13
9
16
18
26
21
17
21
22
24
13
19
19
10
20
18
16
12
