8
0000000000000000000000000000
1000000000000000000000000000
1100000000000000000000000000
1110000000000000000000000000
1111000000000000000000000000
1111100000000000000000000000
1111110000000000000000000000
1111111000000000000000000000
1111111100000000000000000000
1111111110000000000000000000
1111111111000000000000000000
1111111111100000000000000000
1111111111110000000000000000
1111111111111000000000000000
1111111111111100000000000000
1111111111111110000000000000
1111111111111111000000000000
1111111111111111100000000000
1111111111111111110000000000
1111111111111111111000000000
1111111111111111111100000000
1111111111111111111110000000
9
12
16
7
7
17
9
13
17
13
10
16
18
18
14
14
15
14
14
13
13
10
13
17
14
6
9
10
13
10
13
15
11
14
12
12
12
8
9
14
15
19
11
10
13
18
14
14
11
13
12
16
16
12
7
13
13
9
12
15
13
12
12
11
15
13
15
12
12
11
12
8
17
11
18
12
15
15
11
11
18
8
9
10
13
12
15
16
12
12
15
9
13
14
16
11
19
13
16
8
