5
0000000000
1000000000
1100000000
1000000100
1110000000
1100100000
1100010000
1100000001
1111000000
1110100000
1110001000
1100100001
1100010100
1100010010
1111100000
1110110000
1110101000
1110100001
1110001010
1100010011
1111110000
1111100001
1110110100
1110110010
1110101001
1110001011
1111111000
1111110100
1111110010
19
0
20
21
25
20
10
17
4
26
11
24
10
17
0
17
11
2
2
17
2
9
3
9
19
24
25
27
11
17
11
25
7
23
6
19
18
10
13
9
13
5
24
16
3
20
15
5
8
1
18
8
11
6
16
1
3
18
3
4
22
6
0
0
24
11
13
22
12
24
11
9
11
28
3
2
24
13
2
10
2
9
12
21
18
13
25
28
7
6
27
8
4
28
0
9
22
5
23
3
