5
0000000000
1000000000
1100000000
1000000100
1110000000
1100100000
1100010000
1100000001
1111000000
1110100000
1110001000
1100100001
1100010100
1100010010
1111100000
1110110000
1110101000
1110100001
1110001010
1100010011
1111110000
1111100001
1110110100
1110110010
1110101001
1110001011
1111111000
1111110100
1111110010
6
9
6
10
10
9
20
24
13
14
2
20
6
15
21
23
13
17
21
13
16
20
28
28
4
19
2
28
7
18
11
17
18
9
9
17
24
18
13
13
28
27
28
17
13
28
20
7
23
19
28
21
28
9
23
6
23
13
10
12
14
2
23
28
23
18
28
13
21
26
12
6
24
6
9
10
28
7
23
4
20
13
6
13
6
16
28
18
23
17
15
9
20
16
19
13
28
28
6
15
