7
000000000000000000000
100000000000000000000
110000000000000000000
111000000000000000000
111100000000000000000
111110000000000000000
111111000000000000000
111111100000000000000
111111110000000000000
111111111000000000000
111111111100000000000
111111111110000000000
111111111111000000000
111111111111100000000
111111111111110000000
111111111111111000000
111111111111111100000
111111111111111110000
111111111111111111000
111111111111111111100
111111111111111111110
12
14
14
8
9
12
12
7
10
12
9
10
5
16
4
10
8
12
17
7
12
5
8
14
13
8
15
6
11
9
13
17
13
8
7
8
14
11
11
14
3
17
8
14
5
6
12
9
9
7
8
7
12
8
17
6
11
11
8
13
6
10
4
8
10
11
15
14
6
7
13
10
8
6
14
11
8
10
6
12
8
8
11
16
9
11
17
12
2
12
14
15
8
10
5
8
16
6
5
14
