9
000000000000000000000000000000000000
100000000000000000000000000000000000
110000000000000000000000000000000000
111000000000000000000000000000000000
111100000000000000000000000000000000
111110000000000000000000000000000000
111111000000000000000000000000000000
111111100000000000000000000000000000
111111110000000000000000000000000000
111111111000000000000000000000000000
111111111100000000000000000000000000
111111111110000000000000000000000000
111111111111000000000000000000000000
111111111111100000000000000000000000
111111111111110000000000000000000000
111111111111111000000000000000000000
111111111111111100000000000000000000
111111111111111110000000000000000000
111111111111111111000000000000000000
111111111111111111100000000000000000
111111111111111111110000000000000000
111111111111111111111000000000000000
111111111111111111111100000000000000
111111111111111111111110000000000000
111111111111111111111111000000000000
111111111111111111111111100000000000
111111111111111111111111110000000000
111111111111111111111111111000000000
111111111111111111111111111100000000
111111111111111111111111111110000000
111111111111111111111111111111000000
111111111111111111111111111111100000
111111111111111111111111111111110000
111111111111111111111111111111111000
111111111111111111111111111111111100
17
13
19
11
13
12
16
16
17
16
21
21
21
26
16
21
6
12
17
18
20
13
21
17
20
12
16
16
12
17
20
20
17
17
20
16
14
23
13
17
17
17
18
19
19
24
18
14
18
23
14
23
16
13
14
17
19
19
16
23
9
13
19
16
22
13
10
17
15
21
22
16
15
22
8
9
16
14
12
17
20
18
18
22
20
17
16
17
23
16
21
21
18
12
20
16
25
22
13
16
