7
000000000000000000000
100000000000000000000
110000000000000000000
111000000000000000000
111100000000000000000
111110000000000000000
111111000000000000000
111111100000000000000
111111110000000000000
111111111000000000000
111111111100000000000
111111111110000000000
111111111111000000000
111111111111100000000
111111111111110000000
111111111111111000000
111111111111111100000
111111111111111110000
111111111111111111000
111111111111111111100
111111111111111111110
9
14
13
11
9
13
9
9
9
14
9
13
12
13
13
10
6
10
7
8
7
8
7
10
6
7
13
14
11
13
4
8
11
12
9
12
10
11
13
11
12
14
16
10
11
9
10
8
6
14
13
15
14
8
13
7
12
12
10
7
7
9
11
12
8
6
9
9
11
13
7
13
15
5
14
5
9
16
10
9
11
13
7
13
16
7
14
11
12
10
13
8
13
9
7
11
8
13
11
15
