13
000000000000000000000000000000000000000000000000000000000000000000000000000000
111111111111000000000000000000000000000000000000000000000000000000000000000000
111111111111111111111110000000000000000000000000000000000000000000000000000000
111111111111111111111111111111111000000000000000000000000000000000000000000000
111111111111111111111111111111111111111111000000000000000000000000000000000000
111111111111111111111111111111111111111111111111110000000000000000000000000000
111110000000111100000001110000000110000000100000000000000000000000000000000000
111111000000111110000001111000000111000000110000001000000000000000000000000000
111111100000111111000001111100000111100000111000001100000100000000000000000000
111111110000111111100001111110000111110000111100001110000110000100000000000000
111111111000111111110001111111000111111000111110001111000111000110001000000000
111111111100111111111001111111100111111100111111001111100111100111001100100000
111111111110111111111101111111110111111110111111101111110111110111101110110100
# [2, 3, 3, 3, 4, 4, 4, 4, 4, 5, 10, 12, 12]
# [3, 3, 3, 3, 3, 3, 3, 3, 3, 3, 12, 12, 12]
3
# [1, 1, 2, 7, 8, 8, 9, 9, 9, 9, 9, 10, 10]
# [0, 0, 0, 9, 9, 9, 9, 9, 9, 9, 9, 9, 9]
10
# [4, 4, 4, 4, 4, 5, 5, 5, 5, 11, 11, 12, 12]
# [4, 4, 4, 4, 4, 4, 4, 4, 4, 12, 12, 12, 12]
4
# [0, 1, 2, 2, 7, 7, 8, 8, 8, 8, 8, 8, 9]
# [0, 0, 0, 0, 8, 8, 8, 8, 8, 8, 8, 8, 8]
9
# [1, 1, 1, 1, 1, 2, 2, 2, 2, 2, 2, 3, 12]
# [1, 1, 1, 1, 1, 1, 1, 1, 1, 1, 1, 1, 12]
1
# [2, 9, 9, 10, 10, 10, 10, 10, 11, 11, 11, 11, 12]
# [0, 11, 11, 11, 11, 11, 11, 11, 11, 11, 11, 11, 11]
12
# [0, 0, 0, 0, 1, 6, 6, 6, 6, 7, 7, 7, 8]
# [0, 0, 0, 0, 0, 7, 7, 7, 7, 7, 7, 7, 7]
8
# [1, 1, 1, 1, 1, 1, 1, 1, 2, 2, 2, 3, 11]
# [1, 1, 1, 1, 1, 1, 1, 1, 1, 1, 1, 1, 12]
1
# [1, 1, 1, 1, 1, 1, 2, 2, 2, 2, 2, 2, 12]
# [1, 1, 1, 1, 1, 1, 1, 1, 1, 1, 1, 1, 12]
1
# [0, 1, 2, 3, 3, 3, 6, 7, 7, 7, 7, 8, 8]
# [0, 0, 0, 0, 0, 0, 6, 6, 6, 6, 6, 6, 6]
7
# [0, 0, 0, 0, 2, 5, 6, 6, 6, 6, 7, 7, 7]
# [0, 0, 0, 0, 0, 7, 7, 7, 7, 7, 7, 7, 7]
8
# [0, 0, 0, 1, 1, 1, 5, 5, 6, 6, 6, 6, 7]
# [0, 0, 0, 0, 0, 0, 6, 6, 6, 6, 6, 6, 6]
7
# [1, 1, 1, 2, 2, 2, 2, 2, 3, 3, 3, 4, 12]
# [1, 1, 1, 1, 1, 1, 1, 1, 1, 1, 1, 1, 12]
1
# [5, 5, 5, 5, 6, 6, 7, 7, 12, 12, 12, 12, 12]
# [5, 5, 5, 5, 5, 5, 5, 5, 12, 12, 12, 12, 12]
5
# [0, 2, 2, 2, 7, 7, 8, 8, 8, 8, 9, 9, 10]
# [0, 0, 0, 0, 8, 8, 8, 8, 8, 8, 8, 8, 8]
9
# [4, 4, 5, 5, 5, 5, 5, 6, 9, 10, 11, 11, 12]
# [5, 5, 5, 5, 5, 5, 5, 5, 12, 12, 12, 12, 12]
5
# [0, 0, 0, 1, 6, 6, 7, 7, 8, 8, 8, 8, 9]
# [0, 0, 0, 0, 8, 8, 8, 8, 8, 8, 8, 8, 8]
9
# [1, 8, 9, 10, 10, 11, 11, 11, 11, 11, 11, 11, 11]
# [0, 11, 11, 11, 11, 11, 11, 11, 11, 11, 11, 11, 11]
12
# [0, 0, 1, 2, 6, 6, 6, 7, 8, 8, 8, 8, 8]
# [0, 0, 0, 0, 8, 8, 8, 8, 8, 8, 8, 8, 8]
9
# [0, 1, 1, 1, 1, 1, 1, 1, 1, 1, 2, 2, 11]
# [1, 1, 1, 1, 1, 1, 1, 1, 1, 1, 1, 1, 12]
1
# [5, 5, 5, 5, 5, 5, 6, 7, 11, 11, 11, 12, 12]
# [5, 5, 5, 5, 5, 5, 5, 5, 12, 12, 12, 12, 12]
5
# [2, 2, 2, 2, 2, 2, 3, 3, 4, 4, 4, 11, 11]
# [2, 2, 2, 2, 2, 2, 2, 2, 2, 2, 2, 12, 12]
2
# [1, 1, 1, 2, 2, 2, 2, 2, 2, 3, 3, 3, 12]
# [1, 1, 1, 1, 1, 1, 1, 1, 1, 1, 1, 1, 12]
1
# [0, 0, 0, 0, 1, 1, 1, 5, 5, 5, 5, 6, 7]
# [0, 0, 0, 0, 0, 0, 0, 5, 5, 5, 5, 5, 5]
6
# [3, 4, 4, 4, 5, 5, 5, 6, 6, 11, 11, 12, 12]
# [4, 4, 4, 4, 4, 4, 4, 4, 4, 12, 12, 12, 12]
4
# [0, 1, 1, 1, 1, 1, 1, 4, 5, 5, 6, 7, 7]
# [0, 0, 0, 0, 0, 0, 0, 5, 5, 5, 5, 5, 5]
6
# [0, 1, 1, 1, 1, 2, 2, 3, 4, 4, 5, 5, 5]
# [0, 0, 0, 0, 0, 0, 0, 0, 0, 0, 0, 0, 0]
0
# [0, 1, 1, 1, 2, 2, 3, 3, 3, 3, 4, 4, 9]
# [1, 1, 1, 1, 1, 1, 1, 1, 1, 1, 1, 1, 12]
1
# [2, 3, 3, 3, 3, 3, 3, 4, 4, 4, 10, 11, 11]
# [3, 3, 3, 3, 3, 3, 3, 3, 3, 3, 12, 12, 12]
3
# [0, 1, 1, 1, 2, 6, 6, 6, 7, 7, 7, 8, 8]
# [0, 0, 0, 0, 0, 7, 7, 7, 7, 7, 7, 7, 7]
8
# [4, 4, 4, 4, 5, 5, 5, 5, 6, 12, 12, 12, 12]
# [4, 4, 4, 4, 4, 4, 4, 4, 4, 12, 12, 12, 12]
4
# [3, 3, 3, 3, 3, 3, 4, 4, 4, 6, 11, 11, 12]
# [3, 3, 3, 3, 3, 3, 3, 3, 3, 3, 12, 12, 12]
3
# [4, 5, 5, 5, 5, 6, 6, 6, 10, 11, 11, 12, 12]
# [5, 5, 5, 5, 5, 5, 5, 5, 12, 12, 12, 12, 12]
5
# [2, 3, 3, 3, 3, 4, 4, 4, 4, 4, 11, 11, 12]
# [3, 3, 3, 3, 3, 3, 3, 3, 3, 3, 12, 12, 12]
3
# [0, 0, 1, 1, 1, 2, 3, 5, 5, 6, 6, 7, 7]
# [0, 0, 0, 0, 0, 0, 0, 5, 5, 5, 5, 5, 5]
6
# [1, 1, 2, 2, 2, 3, 3, 3, 3, 4, 5, 9, 12]
# [2, 2, 2, 2, 2, 2, 2, 2, 2, 2, 2, 12, 12]
2
# [0, 9, 9, 9, 9, 10, 10, 10, 10, 11, 11, 11, 11]
# [0, 11, 11, 11, 11, 11, 11, 11, 11, 11, 11, 11, 11]
12
# [0, 0, 0, 1, 1, 2, 4, 4, 4, 5, 5, 6, 6]
# [0, 0, 0, 0, 0, 0, 6, 6, 6, 6, 6, 6, 6]
7
# [1, 9, 9, 10, 10, 10, 10, 11, 11, 11, 11, 11, 12]
# [0, 11, 11, 11, 11, 11, 11, 11, 11, 11, 11, 11, 11]
12
# [1, 1, 1, 1, 2, 2, 2, 2, 2, 2, 3, 3, 12]
# [1, 1, 1, 1, 1, 1, 1, 1, 1, 1, 1, 1, 12]
1
# [0, 0, 1, 2, 2, 5, 5, 6, 7, 7, 7, 8, 8]
# [0, 0, 0, 0, 0, 7, 7, 7, 7, 7, 7, 7, 7]
8
# [2, 9, 9, 10, 10, 10, 10, 11, 11, 11, 11, 12, 12]
# [0, 11, 11, 11, 11, 11, 11, 11, 11, 11, 11, 11, 11]
12
# [1, 1, 1, 1, 1, 2, 2, 2, 2, 2, 2, 2, 11]
# [1, 1, 1, 1, 1, 1, 1, 1, 1, 1, 1, 1, 12]
1
# [2, 3, 4, 4, 4, 4, 4, 5, 6, 10, 11, 11, 12]
# [4, 4, 4, 4, 4, 4, 4, 4, 4, 12, 12, 12, 12]
4
# [0, 1, 8, 9, 9, 9, 9, 10, 10, 10, 10, 10, 11]
# [0, 0, 10, 10, 10, 10, 10, 10, 10, 10, 10, 10, 10]
11
# [1, 2, 2, 2, 2, 2, 2, 2, 3, 3, 4, 11, 12]
# [2, 2, 2, 2, 2, 2, 2, 2, 2, 2, 2, 12, 12]
2
# [2, 3, 3, 3, 3, 3, 3, 3, 3, 3, 11, 12, 12]
# [3, 3, 3, 3, 3, 3, 3, 3, 3, 3, 12, 12, 12]
3
# [0, 1, 1, 1, 1, 1, 1, 4, 5, 5, 5, 5, 6]
# [0, 0, 0, 0, 0, 0, 0, 5, 5, 5, 5, 5, 5]
6
# [1, 10, 10, 10, 10, 10, 10, 10, 11, 11, 11, 11, 11]
# [0, 11, 11, 11, 11, 11, 11, 11, 11, 11, 11, 11, 11]
12
# [4, 4, 4, 5, 5, 5, 5, 5, 6, 11, 12, 12, 12]
# [4, 4, 4, 4, 4, 4, 4, 4, 4, 12, 12, 12, 12]
4
# [0, 0, 0, 0, 0, 1, 1, 1, 1, 1, 1, 1, 1]
# [0, 0, 0, 0, 0, 0, 0, 0, 0, 0, 0, 0, 0]
0
# [3, 3, 3, 3, 3, 3, 3, 3, 4, 4, 12, 12, 12]
# [3, 3, 3, 3, 3, 3, 3, 3, 3, 3, 12, 12, 12]
3
# [0, 0, 0, 0, 0, 0, 0, 0, 1, 1, 1, 2, 3]
# [0, 0, 0, 0, 0, 0, 0, 0, 0, 0, 0, 0, 0]
0
# [4, 4, 4, 5, 5, 5, 6, 6, 10, 11, 11, 11, 12]
# [5, 5, 5, 5, 5, 5, 5, 5, 12, 12, 12, 12, 12]
5
# [0, 9, 9, 9, 10, 10, 10, 10, 11, 11, 11, 11, 11]
# [0, 11, 11, 11, 11, 11, 11, 11, 11, 11, 11, 11, 11]
12
# [0, 0, 1, 8, 8, 9, 9, 9, 9, 9, 9, 9, 10]
# [0, 0, 0, 9, 9, 9, 9, 9, 9, 9, 9, 9, 9]
10
# [0, 1, 1, 2, 2, 2, 2, 4, 4, 5, 5, 6, 6]
# [0, 0, 0, 0, 0, 0, 0, 5, 5, 5, 5, 5, 5]
6
# [1, 1, 1, 1, 1, 1, 5, 5, 6, 6, 6, 6, 8]
# [0, 0, 0, 0, 0, 0, 6, 6, 6, 6, 6, 6, 6]
7
# [0, 0, 0, 1, 1, 1, 1, 4, 4, 5, 5, 5, 5]
# [0, 0, 0, 0, 0, 0, 0, 0, 0, 0, 0, 0, 0]
0
# [0, 0, 1, 1, 1, 1, 1, 2, 2, 2, 2, 2, 3]
# [0, 0, 0, 0, 0, 0, 0, 0, 0, 0, 0, 0, 0]
0
# [0, 0, 0, 1, 2, 6, 6, 7, 7, 7, 7, 8, 9]
# [0, 0, 0, 0, 0, 7, 7, 7, 7, 7, 7, 7, 7]
8
# [2, 3, 9, 9, 9, 9, 9, 10, 10, 10, 10, 10, 12]
# [0, 0, 10, 10, 10, 10, 10, 10, 10, 10, 10, 10, 10]
11
# [0, 0, 0, 0, 0, 0, 0, 1, 1, 2, 2, 2, 2]
# [0, 0, 0, 0, 0, 0, 0, 0, 0, 0, 0, 0, 0]
0
# [0, 0, 0, 1, 5, 6, 7, 7, 8, 8, 8, 8, 8]
# [0, 0, 0, 0, 8, 8, 8, 8, 8, 8, 8, 8, 8]
9
# [0, 0, 1, 1, 1, 6, 6, 6, 7, 7, 7, 8, 8]
# [0, 0, 0, 0, 0, 7, 7, 7, 7, 7, 7, 7, 7]
8
# [0, 0, 0, 0, 0, 0, 0, 1, 1, 1, 1, 2, 2]
# [0, 0, 0, 0, 0, 0, 0, 0, 0, 0, 0, 0, 0]
0
# [1, 1, 2, 2, 2, 3, 3, 3, 3, 4, 4, 11, 11]
# [2, 2, 2, 2, 2, 2, 2, 2, 2, 2, 2, 12, 12]
2
# [2, 4, 4, 4, 4, 4, 4, 4, 5, 10, 11, 12, 12]
# [4, 4, 4, 4, 4, 4, 4, 4, 4, 12, 12, 12, 12]
4
# [4, 4, 5, 5, 5, 5, 6, 7, 10, 11, 12, 12, 12]
# [5, 5, 5, 5, 5, 5, 5, 5, 12, 12, 12, 12, 12]
5
# [5, 5, 5, 6, 6, 6, 7, 7, 11, 12, 12, 12, 12]
# [5, 5, 5, 5, 5, 5, 5, 5, 12, 12, 12, 12, 12]
5
# [3, 3, 3, 3, 3, 4, 4, 4, 5, 5, 11, 12, 12]
# [3, 3, 3, 3, 3, 3, 3, 3, 3, 3, 12, 12, 12]
3
# [0, 2, 8, 8, 9, 9, 9, 9, 9, 10, 10, 10, 11]
# [0, 0, 10, 10, 10, 10, 10, 10, 10, 10, 10, 10, 10]
11
# [1, 2, 2, 2, 2, 2, 2, 2, 3, 3, 3, 10, 10]
# [2, 2, 2, 2, 2, 2, 2, 2, 2, 2, 2, 12, 12]
2
# [4, 5, 5, 5, 5, 6, 6, 7, 11, 12, 12, 12, 12]
# [5, 5, 5, 5, 5, 5, 5, 5, 12, 12, 12, 12, 12]
5
# [4, 8, 10, 10, 10, 10, 11, 11, 11, 11, 11, 11, 12]
# [0, 11, 11, 11, 11, 11, 11, 11, 11, 11, 11, 11, 11]
12
# [2, 2, 3, 3, 3, 3, 3, 4, 4, 5, 10, 12, 12]
# [3, 3, 3, 3, 3, 3, 3, 3, 3, 3, 12, 12, 12]
3
# [2, 2, 2, 2, 2, 3, 3, 3, 3, 3, 3, 12, 12]
# [2, 2, 2, 2, 2, 2, 2, 2, 2, 2, 2, 12, 12]
2
# [0, 0, 0, 1, 2, 5, 5, 6, 6, 7, 7, 7, 8]
# [0, 0, 0, 0, 0, 7, 7, 7, 7, 7, 7, 7, 7]
8
# [3, 3, 3, 4, 4, 4, 4, 5, 5, 11, 11, 11, 12]
# [4, 4, 4, 4, 4, 4, 4, 4, 4, 12, 12, 12, 12]
4
# [2, 3, 3, 3, 3, 3, 3, 3, 3, 4, 5, 11, 12]
# [2, 2, 2, 2, 2, 2, 2, 2, 2, 2, 2, 12, 12]
2
# [0, 0, 1, 7, 8, 8, 9, 9, 9, 9, 9, 9, 10]
# [0, 0, 0, 9, 9, 9, 9, 9, 9, 9, 9, 9, 9]
10
# [1, 2, 3, 3, 3, 3, 3, 3, 4, 4, 10, 11, 12]
# [3, 3, 3, 3, 3, 3, 3, 3, 3, 3, 12, 12, 12]
3
# [2, 4, 4, 4, 4, 4, 4, 5, 5, 10, 11, 11, 12]
# [4, 4, 4, 4, 4, 4, 4, 4, 4, 12, 12, 12, 12]
4
# [4, 4, 5, 5, 6, 6, 6, 7, 10, 11, 12, 12, 12]
# [5, 5, 5, 5, 5, 5, 5, 5, 12, 12, 12, 12, 12]
5
# [0, 0, 0, 0, 0, 0, 1, 1, 1, 1, 1, 2, 3]
# [0, 0, 0, 0, 0, 0, 0, 0, 0, 0, 0, 0, 0]
0
# [2, 8, 9, 9, 9, 10, 10, 10, 10, 10, 10, 11, 12]
# [0, 11, 11, 11, 11, 11, 11, 11, 11, 11, 11, 11, 11]
12
# [3, 4, 4, 4, 5, 5, 6, 6, 6, 11, 11, 11, 12]
# [4, 4, 4, 4, 4, 4, 4, 4, 4, 12, 12, 12, 12]
4
# [0, 1, 1, 6, 7, 8, 8, 9, 9, 9, 9, 9, 10]
# [0, 0, 0, 9, 9, 9, 9, 9, 9, 9, 9, 9, 9]
10
# [4, 5, 5, 5, 5, 6, 6, 6, 11, 11, 12, 12, 12]
# [5, 5, 5, 5, 5, 5, 5, 5, 12, 12, 12, 12, 12]
5
# [2, 4, 9, 9, 9, 10, 10, 10, 10, 10, 10, 11, 12]
# [0, 0, 10, 10, 10, 10, 10, 10, 10, 10, 10, 10, 10]
11
# [2, 3, 3, 3, 3, 3, 3, 3, 4, 4, 11, 12, 12]
# [3, 3, 3, 3, 3, 3, 3, 3, 3, 3, 12, 12, 12]
3
# [1, 1, 2, 3, 6, 7, 7, 7, 7, 8, 8, 8, 9]
# [0, 0, 0, 0, 8, 8, 8, 8, 8, 8, 8, 8, 8]
9
# [1, 1, 1, 1, 1, 1, 1, 1, 2, 2, 2, 3, 11]
# [1, 1, 1, 1, 1, 1, 1, 1, 1, 1, 1, 1, 12]
1
# [3, 3, 3, 3, 3, 3, 3, 4, 4, 5, 12, 12, 12]
# [3, 3, 3, 3, 3, 3, 3, 3, 3, 3, 12, 12, 12]
3
# [4, 5, 5, 5, 5, 5, 6, 6, 10, 11, 12, 12, 12]
# [5, 5, 5, 5, 5, 5, 5, 5, 12, 12, 12, 12, 12]
5
# [2, 3, 3, 3, 3, 3, 4, 4, 5, 6, 11, 11, 12]
# [3, 3, 3, 3, 3, 3, 3, 3, 3, 3, 12, 12, 12]
3
# [3, 3, 3, 3, 3, 3, 4, 4, 4, 5, 11, 12, 12]
# [3, 3, 3, 3, 3, 3, 3, 3, 3, 3, 12, 12, 12]
3
# [0, 0, 0, 0, 0, 1, 1, 1, 2, 2, 2, 2, 3]
# [0, 0, 0, 0, 0, 0, 0, 0, 0, 0, 0, 0, 0]
0
# [0, 2, 2, 3, 7, 7, 8, 8, 8, 8, 8, 9, 10]
# [0, 0, 0, 0, 8, 8, 8, 8, 8, 8, 8, 8, 8]
9
# [2, 2, 2, 3, 3, 3, 3, 3, 4, 4, 4, 11, 12]
# [2, 2, 2, 2, 2, 2, 2, 2, 2, 2, 2, 12, 12]
2
