7
000000000000000000000
100000000000000000000
110000000000000000000
111000000000000000000
111100000000000000000
111110000000000000000
111111000000000000000
111111100000000000000
111111110000000000000
111111111000000000000
111111111100000000000
111111111110000000000
111111111111000000000
111111111111100000000
111111111111110000000
111111111111111000000
12
6
11
6
9
6
10
10
10
11
7
9
12
11
11
5
12
13
8
10
7
4
5
13
11
9
11
11
9
8
10
4
9
7
8
8
10
3
10
8
13
4
5
9
8
13
7
6
5
4
4
7
6
13
12
4
5
11
10
7
9
7
5
13
8
12
12
11
9
11
12
5
6
9
8
9
9
15
6
10
13
10
5
10
12
9
10
6
12
7
10
9
11
6
13
12
6
8
10
12
