7
000000000000000000000
100000000000000000000
110000000000000000000
111000000000000000000
111100000000000000000
111110000000000000000
111111000000000000000
111111100000000000000
111111110000000000000
111111111000000000000
111111111100000000000
111111111110000000000
111111111111000000000
111111111111100000000
111111111111110000000
111111111111111000000
11
4
11
9
11
13
8
11
11
12
9
11
8
13
12
5
14
7
8
8
7
7
8
9
5
12
10
10
12
13
10
6
6
11
10
10
11
13
10
9
11
9
10
9
11
8
13
3
8
15
12
3
12
8
8
8
7
12
9
9
13
13
7
13
7
12
13
6
9
11
3
6
8
13
8
11
8
9
5
11
6
9
6
10
11
12
11
10
14
8
9
7
8
6
8
10
14
11
11
10
