10
000000000000000000000000000000000000000000000
111111111000000000000000000000000000000000000
111111111111111110000000000000000000000000000
111111111111111111111111000000000000000000000
111111111111111111111111111111000000000000000
111100000111000001100000100000000000000000000
111110000111100001110000110000100000000000000
111111000111110001111000111000110001000000000
111111100111111001111100111100111001100100000
111111110111111101111110111110111101110110100
# [3, 3, 4, 5, 5, 6, 8, 8, 9, 9]
# [4, 4, 4, 4, 4, 4, 9, 9, 9, 9]
4
# [0, 0, 0, 0, 0, 0, 0, 0, 0, 0]
# [0, 0, 0, 0, 0, 0, 0, 0, 0, 0]
0
# [0, 0, 0, 0, 4, 4, 5, 5, 5, 5]
# [0, 0, 0, 0, 5, 5, 5, 5, 5, 5]
6
# [0, 0, 0, 1, 5, 5, 5, 5, 5, 6]
# [0, 0, 0, 0, 5, 5, 5, 5, 5, 5]
6
# [3, 4, 4, 4, 4, 4, 8, 9, 9, 9]
# [4, 4, 4, 4, 4, 4, 9, 9, 9, 9]
4
# [0, 8, 8, 8, 8, 8, 8, 8, 8, 8]
# [0, 8, 8, 8, 8, 8, 8, 8, 8, 8]
9
# [1, 7, 7, 7, 8, 8, 8, 8, 8, 8]
# [0, 8, 8, 8, 8, 8, 8, 8, 8, 8]
9
# [1, 2, 2, 2, 2, 2, 3, 3, 8, 9]
# [2, 2, 2, 2, 2, 2, 2, 2, 9, 9]
2
# [1, 7, 7, 8, 8, 8, 8, 8, 8, 9]
# [0, 8, 8, 8, 8, 8, 8, 8, 8, 8]
9
# [2, 2, 2, 2, 2, 2, 2, 2, 9, 9]
# [2, 2, 2, 2, 2, 2, 2, 2, 9, 9]
2
# [1, 1, 1, 1, 1, 1, 1, 2, 2, 9]
# [1, 1, 1, 1, 1, 1, 1, 1, 1, 9]
1
# [4, 4, 4, 4, 4, 4, 9, 9, 9, 9]
# [4, 4, 4, 4, 4, 4, 9, 9, 9, 9]
4
# [2, 2, 2, 2, 2, 2, 3, 3, 9, 9]
# [2, 2, 2, 2, 2, 2, 2, 2, 9, 9]
2
# [0, 0, 1, 1, 5, 5, 5, 5, 5, 5]
# [0, 0, 0, 0, 5, 5, 5, 5, 5, 5]
6
# [3, 4, 4, 4, 4, 4, 8, 9, 9, 9]
# [4, 4, 4, 4, 4, 4, 9, 9, 9, 9]
4
# [0, 0, 0, 5, 5, 6, 6, 6, 6, 6]
# [0, 0, 0, 6, 6, 6, 6, 6, 6, 6]
7
# [4, 4, 4, 4, 4, 4, 9, 9, 9, 9]
# [4, 4, 4, 4, 4, 4, 9, 9, 9, 9]
4
# [0, 0, 0, 0, 0, 4, 4, 4, 4, 4]
# [0, 0, 0, 0, 0, 0, 0, 0, 0, 0]
0
# [0, 0, 0, 0, 5, 5, 5, 5, 5, 5]
# [0, 0, 0, 0, 5, 5, 5, 5, 5, 5]
6
# [0, 0, 0, 0, 0, 0, 0, 0, 1, 1]
# [0, 0, 0, 0, 0, 0, 0, 0, 0, 0]
0
# [2, 2, 2, 2, 2, 2, 2, 2, 9, 9]
# [2, 2, 2, 2, 2, 2, 2, 2, 9, 9]
2
# [3, 3, 3, 3, 3, 3, 3, 9, 9, 9]
# [3, 3, 3, 3, 3, 3, 3, 9, 9, 9]
3
# [2, 3, 4, 4, 4, 4, 8, 8, 8, 9]
# [4, 4, 4, 4, 4, 4, 9, 9, 9, 9]
4
# [2, 2, 2, 2, 2, 2, 2, 2, 9, 9]
# [2, 2, 2, 2, 2, 2, 2, 2, 9, 9]
2
# [1, 1, 1, 1, 1, 1, 1, 2, 2, 9]
# [1, 1, 1, 1, 1, 1, 1, 1, 1, 9]
1
# [0, 7, 7, 8, 8, 8, 8, 8, 8, 8]
# [0, 8, 8, 8, 8, 8, 8, 8, 8, 8]
9
# [3, 4, 4, 4, 4, 4, 8, 9, 9, 9]
# [4, 4, 4, 4, 4, 4, 9, 9, 9, 9]
4
# [0, 0, 0, 0, 0, 4, 4, 4, 4, 4]
# [0, 0, 0, 0, 0, 0, 0, 0, 0, 0]
0
# [0, 0, 0, 0, 0, 0, 1, 1, 1, 1]
# [0, 0, 0, 0, 0, 0, 0, 0, 0, 0]
0
# [0, 0, 7, 7, 7, 7, 7, 7, 7, 7]
# [0, 0, 7, 7, 7, 7, 7, 7, 7, 7]
8
# [0, 0, 0, 0, 0, 0, 0, 0, 0, 0]
# [0, 0, 0, 0, 0, 0, 0, 0, 0, 0]
0
# [0, 0, 0, 0, 1, 4, 4, 4, 4, 5]
# [0, 0, 0, 0, 0, 4, 4, 4, 4, 4]
5
# [0, 1, 1, 5, 5, 6, 6, 6, 7, 7]
# [0, 0, 0, 6, 6, 6, 6, 6, 6, 6]
7
# [0, 1, 7, 7, 7, 7, 7, 7, 7, 8]
# [0, 0, 7, 7, 7, 7, 7, 7, 7, 7]
8
# [2, 3, 3, 3, 3, 3, 3, 7, 8, 9]
# [3, 3, 3, 3, 3, 3, 3, 9, 9, 9]
3
# [0, 0, 0, 0, 1, 4, 4, 4, 4, 5]
# [0, 0, 0, 0, 0, 4, 4, 4, 4, 4]
5
# [0, 0, 0, 0, 0, 0, 1, 1, 1, 1]
# [0, 0, 0, 0, 0, 0, 0, 0, 0, 0]
0
# [2, 2, 2, 2, 2, 2, 2, 2, 9, 9]
# [2, 2, 2, 2, 2, 2, 2, 2, 9, 9]
2
# [3, 3, 4, 4, 4, 4, 8, 8, 9, 9]
# [4, 4, 4, 4, 4, 4, 9, 9, 9, 9]
4
# [0, 0, 6, 6, 6, 6, 7, 7, 7, 7]
# [0, 0, 7, 7, 7, 7, 7, 7, 7, 7]
8
# [0, 1, 1, 2, 5, 5, 5, 5, 5, 7]
# [0, 0, 0, 0, 5, 5, 5, 5, 5, 5]
6
# [3, 4, 4, 4, 4, 4, 8, 9, 9, 9]
# [4, 4, 4, 4, 4, 4, 9, 9, 9, 9]
4
# [0, 0, 0, 0, 3, 4, 4, 5, 5, 5]
# [0, 0, 0, 0, 5, 5, 5, 5, 5, 5]
6
# [0, 7, 7, 8, 8, 8, 8, 8, 8, 8]
# [0, 8, 8, 8, 8, 8, 8, 8, 8, 8]
9
# [3, 4, 4, 4, 4, 4, 8, 9, 9, 9]
# [4, 4, 4, 4, 4, 4, 9, 9, 9, 9]
4
# [3, 4, 4, 4, 4, 4, 8, 9, 9, 9]
# [4, 4, 4, 4, 4, 4, 9, 9, 9, 9]
4
# [0, 0, 0, 0, 5, 5, 5, 5, 5, 5]
# [0, 0, 0, 0, 5, 5, 5, 5, 5, 5]
6
# [0, 0, 1, 6, 6, 6, 6, 6, 6, 7]
# [0, 0, 0, 6, 6, 6, 6, 6, 6, 6]
7
# [0, 0, 0, 0, 0, 0, 1, 1, 1, 1]
# [0, 0, 0, 0, 0, 0, 0, 0, 0, 0]
0
# [1, 7, 8, 8, 8, 8, 8, 8, 8, 8]
# [0, 8, 8, 8, 8, 8, 8, 8, 8, 8]
9
# [0, 0, 0, 0, 0, 0, 1, 1, 1, 1]
# [0, 0, 0, 0, 0, 0, 0, 0, 0, 0]
0
# [2, 2, 2, 2, 2, 3, 3, 4, 9, 9]
# [2, 2, 2, 2, 2, 2, 2, 2, 9, 9]
2
# [0, 1, 2, 6, 6, 6, 6, 6, 6, 7]
# [0, 0, 0, 6, 6, 6, 6, 6, 6, 6]
7
# [0, 1, 7, 7, 7, 7, 7, 7, 7, 8]
# [0, 0, 7, 7, 7, 7, 7, 7, 7, 7]
8
# [2, 2, 2, 2, 2, 2, 2, 3, 8, 9]
# [2, 2, 2, 2, 2, 2, 2, 2, 9, 9]
2
# [1, 1, 1, 5, 6, 6, 6, 6, 6, 6]
# [0, 0, 0, 6, 6, 6, 6, 6, 6, 6]
7
# [0, 0, 0, 0, 0, 0, 0, 0, 1, 1]
# [0, 0, 0, 0, 0, 0, 0, 0, 0, 0]
0
# [0, 0, 0, 1, 5, 5, 5, 5, 5, 6]
# [0, 0, 0, 0, 5, 5, 5, 5, 5, 5]
6
# [2, 2, 3, 3, 3, 3, 3, 3, 9, 9]
# [2, 2, 2, 2, 2, 2, 2, 2, 9, 9]
2
# [3, 3, 3, 3, 3, 4, 4, 9, 9, 9]
# [3, 3, 3, 3, 3, 3, 3, 9, 9, 9]
3
# [2, 3, 3, 3, 3, 3, 3, 8, 9, 9]
# [3, 3, 3, 3, 3, 3, 3, 9, 9, 9]
3
# [1, 2, 2, 2, 2, 2, 3, 3, 8, 9]
# [2, 2, 2, 2, 2, 2, 2, 2, 9, 9]
2
# [1, 7, 8, 8, 8, 8, 8, 8, 8, 8]
# [0, 8, 8, 8, 8, 8, 8, 8, 8, 8]
9
# [0, 1, 7, 7, 7, 7, 7, 7, 7, 8]
# [0, 0, 7, 7, 7, 7, 7, 7, 7, 7]
8
# [0, 0, 0, 4, 5, 5, 6, 6, 6, 6]
# [0, 0, 0, 6, 6, 6, 6, 6, 6, 6]
7
# [2, 2, 2, 2, 2, 2, 2, 2, 9, 9]
# [2, 2, 2, 2, 2, 2, 2, 2, 9, 9]
2
# [3, 3, 3, 3, 4, 4, 5, 9, 9, 9]
# [3, 3, 3, 3, 3, 3, 3, 9, 9, 9]
3
# [0, 0, 0, 0, 4, 4, 5, 5, 5, 5]
# [0, 0, 0, 0, 5, 5, 5, 5, 5, 5]
6
# [0, 0, 0, 5, 5, 6, 6, 6, 6, 6]
# [0, 0, 0, 6, 6, 6, 6, 6, 6, 6]
7
# [0, 0, 1, 1, 1, 4, 4, 4, 4, 5]
# [0, 0, 0, 0, 0, 4, 4, 4, 4, 4]
5
# [0, 0, 0, 0, 0, 0, 0, 0, 1, 1]
# [0, 0, 0, 0, 0, 0, 0, 0, 0, 0]
0
# [0, 0, 1, 6, 6, 6, 6, 6, 6, 7]
# [0, 0, 0, 6, 6, 6, 6, 6, 6, 6]
7
# [0, 1, 6, 6, 7, 7, 7, 7, 7, 8]
# [0, 0, 7, 7, 7, 7, 7, 7, 7, 7]
8
# [1, 1, 7, 7, 7, 7, 7, 7, 7, 7]
# [0, 0, 7, 7, 7, 7, 7, 7, 7, 7]
8
# [2, 2, 2, 3, 3, 3, 4, 5, 9, 9]
# [2, 2, 2, 2, 2, 2, 2, 2, 9, 9]
2
# [0, 7, 7, 8, 8, 8, 8, 8, 8, 8]
# [0, 8, 8, 8, 8, 8, 8, 8, 8, 8]
9
# [0, 0, 0, 0, 0, 0, 1, 1, 1, 1]
# [0, 0, 0, 0, 0, 0, 0, 0, 0, 0]
0
# [0, 0, 1, 1, 5, 5, 5, 5, 6, 6]
# [0, 0, 0, 0, 5, 5, 5, 5, 5, 5]
6
# [0, 7, 7, 8, 8, 8, 8, 8, 8, 8]
# [0, 8, 8, 8, 8, 8, 8, 8, 8, 8]
9
# [1, 8, 8, 8, 8, 8, 8, 8, 8, 9]
# [0, 8, 8, 8, 8, 8, 8, 8, 8, 8]
9
# [0, 0, 0, 0, 0, 0, 1, 1, 1, 1]
# [0, 0, 0, 0, 0, 0, 0, 0, 0, 0]
0
# [0, 1, 1, 6, 6, 6, 6, 6, 7, 7]
# [0, 0, 0, 6, 6, 6, 6, 6, 6, 6]
7
# [2, 3, 3, 3, 3, 3, 3, 8, 9, 9]
# [3, 3, 3, 3, 3, 3, 3, 9, 9, 9]
3
# [0, 0, 0, 0, 0, 4, 4, 4, 4, 4]
# [0, 0, 0, 0, 0, 0, 0, 0, 0, 0]
0
# [0, 7, 7, 8, 8, 8, 8, 8, 8, 8]
# [0, 8, 8, 8, 8, 8, 8, 8, 8, 8]
9
# [0, 0, 6, 6, 7, 7, 7, 7, 7, 7]
# [0, 0, 7, 7, 7, 7, 7, 7, 7, 7]
8
# [0, 0, 0, 0, 1, 2, 2, 3, 3, 5]
# [0, 0, 0, 0, 0, 4, 4, 4, 4, 4]
5
# [0, 1, 6, 6, 7, 7, 7, 7, 7, 8]
# [0, 0, 7, 7, 7, 7, 7, 7, 7, 7]
8
# [0, 0, 0, 1, 1, 4, 4, 4, 5, 5]
# [0, 0, 0, 0, 0, 4, 4, 4, 4, 4]
5
# [0, 0, 0, 0, 1, 4, 4, 4, 4, 5]
# [0, 0, 0, 0, 0, 4, 4, 4, 4, 4]
5
# [3, 3, 3, 3, 3, 4, 4, 9, 9, 9]
# [3, 3, 3, 3, 3, 3, 3, 9, 9, 9]
3
# [0, 0, 1, 4, 5, 5, 6, 6, 6, 7]
# [0, 0, 0, 6, 6, 6, 6, 6, 6, 6]
7
# [0, 0, 0, 0, 0, 0, 0, 0, 1, 1]
# [0, 0, 0, 0, 0, 0, 0, 0, 0, 0]
0
# [0, 0, 0, 0, 0, 0, 1, 1, 1, 1]
# [0, 0, 0, 0, 0, 0, 0, 0, 0, 0]
0
# [0, 0, 0, 0, 0, 4, 4, 4, 4, 4]
# [0, 0, 0, 0, 0, 0, 0, 0, 0, 0]
0
# [1, 2, 2, 2, 2, 2, 2, 2, 8, 9]
# [2, 2, 2, 2, 2, 2, 2, 2, 9, 9]
2
# [1, 1, 1, 1, 1, 2, 2, 2, 2, 9]
# [1, 1, 1, 1, 1, 1, 1, 1, 1, 9]
1
# [2, 2, 3, 3, 3, 3, 3, 7, 9, 9]
# [3, 3, 3, 3, 3, 3, 3, 9, 9, 9]
3
# [2, 2, 2, 2, 3, 3, 3, 3, 9, 9]
# [2, 2, 2, 2, 2, 2, 2, 2, 9, 9]
2
# [1, 1, 1, 1, 1, 1, 2, 2, 3, 9]
# [1, 1, 1, 1, 1, 1, 1, 1, 1, 9]
1
