8
0000000000000000000000000000
1000000000000000000000000000
1100000000000000000000000000
1110000000000000000000000000
1111000000000000000000000000
1111100000000000000000000000
1111110000000000000000000000
1111111000000000000000000000
1111111100000000000000000000
1111111110000000000000000000
1111111111000000000000000000
1111111111100000000000000000
1111111111110000000000000000
1111111111111000000000000000
1111111111111100000000000000
1111111111111110000000000000
1111111111111111000000000000
1111111111111111100000000000
1111111111111111110000000000
1111111111111111111000000000
1111111111111111111100000000
1111111111111111111110000000
1111111111111111111111000000
1111111111111111111111100000
1111111111111111111111110000
16
12
14
10
11
13
7
11
9
12
16
14
11
14
10
19
18
18
7
18
13
10
12
12
16
14
7
16
10
9
7
13
11
16
3
20
14
8
5
9
17
17
8
8
15
15
9
10
17
9
15
7
12
4
12
12
14
16
20
18
8
14
9
10
14
17
16
13
15
8
8
17
15
19
19
13
8
11
20
11
18
10
10
12
10
17
19
14
14
20
9
15
13
7
11
9
6
9
7
15
