7
000000000000000000000
100000000000000000000
110000000000000000000
111000000000000000000
111100000000000000000
111110000000000000000
111111000000000000000
111111100000000000000
111111110000000000000
111111111000000000000
111111111100000000000
111111111110000000000
111111111111000000000
111111111111100000000
111111111111110000000
111111111111111000000
111111111111111100000
111111111111111110000
111111111111111111000
111111111111111111100
10
11
17
9
10
5
17
13
1
10
14
6
11
12
8
10
9
6
5
9
17
6
7
12
9
10
6
4
7
7
11
13
10
12
3
12
9
9
13
9
9
10
8
13
11
7
11
15
8
10
6
10
9
9
15
15
5
8
8
10
9
13
12
6
9
15
8
13
15
7
12
4
9
14
8
8
10
9
11
8
11
8
16
9
10
5
7
13
12
14
8
10
13
10
10
11
7
7
11
8
