9
000000000000000000000000000000000000
100000000000000000000000000000000000
110000000000000000000000000000000000
111000000000000000000000000000000000
111100000000000000000000000000000000
111110000000000000000000000000000000
111111000000000000000000000000000000
111111100000000000000000000000000000
111111110000000000000000000000000000
111111111000000000000000000000000000
111111111100000000000000000000000000
111111111110000000000000000000000000
111111111111000000000000000000000000
111111111111100000000000000000000000
111111111111110000000000000000000000
111111111111111000000000000000000000
111111111111111100000000000000000000
111111111111111110000000000000000000
111111111111111111000000000000000000
111111111111111111100000000000000000
111111111111111111110000000000000000
111111111111111111111000000000000000
111111111111111111111100000000000000
111111111111111111111110000000000000
111111111111111111111111000000000000
111111111111111111111111100000000000
111111111111111111111111110000000000
111111111111111111111111111000000000
111111111111111111111111111100000000
111111111111111111111111111110000000
111111111111111111111111111111000000
111111111111111111111111111111100000
11
14
13
12
16
23
26
11
20
14
20
16
16
21
13
15
15
20
14
23
18
20
15
10
14
15
19
21
14
17
25
23
20
25
17
13
20
14
27
23
19
27
15
19
24
20
23
14
17
14
14
21
14
15
19
15
23
26
16
13
18
14
20
18
15
20
10
15
25
18
12
13
14
7
21
11
21
14
19
9
20
19
20
18
15
12
15
19
10
17
14
21
22
22
15
19
20
19
17
22
