7
000000000000000000000
100000000000000000000
110000000000000000000
111000000000000000000
111100000000000000000
111110000000000000000
111111000000000000000
111111100000000000000
111111110000000000000
111111111000000000000
111111111100000000000
111111111110000000000
111111111111000000000
111111111111100000000
111111111111110000000
111111111111111000000
111111111111111100000
10
12
9
6
13
5
11
10
6
10
10
10
11
10
9
9
9
7
6
11
8
10
8
8
9
16
13
9
9
11
4
8
9
11
8
6
11
9
9
10
11
7
10
7
7
12
6
9
8
7
4
5
14
9
7
7
13
9
6
3
13
9
11
6
10
12
9
16
10
7
9
13
7
7
10
9
13
5
10
14
10
6
13
7
10
11
7
7
12
10
5
13
10
12
10
9
11
12
14
7
