14
0000000000000000000000000000000000000000000000000000000000000000000000000000000000000000000
1000000000000000000000000000000000000000000000000000000000000000000000000000000000000000000
1100000000000000000000000000000000000000000000000000000000000000000000000000000000000000000
1110000000000000000000000000000000000000000000000000000000000000000000000000000000000000000
1111000000000000000000000000000000000000000000000000000000000000000000000000000000000000000
1111100000000000000000000000000000000000000000000000000000000000000000000000000000000000000
1111110000000000000000000000000000000000000000000000000000000000000000000000000000000000000
1111111000000000000000000000000000000000000000000000000000000000000000000000000000000000000
1111111100000000000000000000000000000000000000000000000000000000000000000000000000000000000
1111111110000000000000000000000000000000000000000000000000000000000000000000000000000000000
1111111111000000000000000000000000000000000000000000000000000000000000000000000000000000000
1111111111100000000000000000000000000000000000000000000000000000000000000000000000000000000
1111111111110000000000000000000000000000000000000000000000000000000000000000000000000000000
1111111111111000000000000000000000000000000000000000000000000000000000000000000000000000000
1111111111111100000000000000000000000000000000000000000000000000000000000000000000000000000
1111111111111110000000000000000000000000000000000000000000000000000000000000000000000000000
1111111111111111000000000000000000000000000000000000000000000000000000000000000000000000000
1111111111111111100000000000000000000000000000000000000000000000000000000000000000000000000
1111111111111111110000000000000000000000000000000000000000000000000000000000000000000000000
1111111111111111111000000000000000000000000000000000000000000000000000000000000000000000000
1111111111111111111100000000000000000000000000000000000000000000000000000000000000000000000
1111111111111111111110000000000000000000000000000000000000000000000000000000000000000000000
1111111111111111111111000000000000000000000000000000000000000000000000000000000000000000000
1111111111111111111111100000000000000000000000000000000000000000000000000000000000000000000
1111111111111111111111110000000000000000000000000000000000000000000000000000000000000000000
1111111111111111111111111000000000000000000000000000000000000000000000000000000000000000000
1111111111111111111111111100000000000000000000000000000000000000000000000000000000000000000
1111111111111111111111111110000000000000000000000000000000000000000000000000000000000000000
1111111111111111111111111111000000000000000000000000000000000000000000000000000000000000000
1111111111111111111111111111100000000000000000000000000000000000000000000000000000000000000
1111111111111111111111111111110000000000000000000000000000000000000000000000000000000000000
1111111111111111111111111111111000000000000000000000000000000000000000000000000000000000000
1111111111111111111111111111111100000000000000000000000000000000000000000000000000000000000
1111111111111111111111111111111110000000000000000000000000000000000000000000000000000000000
1111111111111111111111111111111111000000000000000000000000000000000000000000000000000000000
1111111111111111111111111111111111100000000000000000000000000000000000000000000000000000000
1111111111111111111111111111111111110000000000000000000000000000000000000000000000000000000
1111111111111111111111111111111111111000000000000000000000000000000000000000000000000000000
1111111111111111111111111111111111111100000000000000000000000000000000000000000000000000000
1111111111111111111111111111111111111110000000000000000000000000000000000000000000000000000
1111111111111111111111111111111111111111000000000000000000000000000000000000000000000000000
1111111111111111111111111111111111111111100000000000000000000000000000000000000000000000000
1111111111111111111111111111111111111111110000000000000000000000000000000000000000000000000
1111111111111111111111111111111111111111111000000000000000000000000000000000000000000000000
1111111111111111111111111111111111111111111100000000000000000000000000000000000000000000000
1111111111111111111111111111111111111111111110000000000000000000000000000000000000000000000
1111111111111111111111111111111111111111111111000000000000000000000000000000000000000000000
1111111111111111111111111111111111111111111111100000000000000000000000000000000000000000000
1111111111111111111111111111111111111111111111110000000000000000000000000000000000000000000
1111111111111111111111111111111111111111111111111000000000000000000000000000000000000000000
1111111111111111111111111111111111111111111111111100000000000000000000000000000000000000000
1111111111111111111111111111111111111111111111111110000000000000000000000000000000000000000
1111111111111111111111111111111111111111111111111111000000000000000000000000000000000000000
1111111111111111111111111111111111111111111111111111100000000000000000000000000000000000000
1111111111111111111111111111111111111111111111111111110000000000000000000000000000000000000
1111111111111111111111111111111111111111111111111111111000000000000000000000000000000000000
1111111111111111111111111111111111111111111111111111111100000000000000000000000000000000000
1111111111111111111111111111111111111111111111111111111110000000000000000000000000000000000
1111111111111111111111111111111111111111111111111111111111000000000000000000000000000000000
1111111111111111111111111111111111111111111111111111111111100000000000000000000000000000000
1111111111111111111111111111111111111111111111111111111111110000000000000000000000000000000
1111111111111111111111111111111111111111111111111111111111111000000000000000000000000000000
1111111111111111111111111111111111111111111111111111111111111100000000000000000000000000000
1111111111111111111111111111111111111111111111111111111111111110000000000000000000000000000
1111111111111111111111111111111111111111111111111111111111111111000000000000000000000000000
1111111111111111111111111111111111111111111111111111111111111111100000000000000000000000000
1111111111111111111111111111111111111111111111111111111111111111110000000000000000000000000
1111111111111111111111111111111111111111111111111111111111111111111000000000000000000000000
1111111111111111111111111111111111111111111111111111111111111111111100000000000000000000000
1111111111111111111111111111111111111111111111111111111111111111111110000000000000000000000
1111111111111111111111111111111111111111111111111111111111111111111111000000000000000000000
1111111111111111111111111111111111111111111111111111111111111111111111100000000000000000000
1111111111111111111111111111111111111111111111111111111111111111111111110000000000000000000
1111111111111111111111111111111111111111111111111111111111111111111111111000000000000000000
1111111111111111111111111111111111111111111111111111111111111111111111111100000000000000000
1111111111111111111111111111111111111111111111111111111111111111111111111110000000000000000
1111111111111111111111111111111111111111111111111111111111111111111111111111000000000000000
1111111111111111111111111111111111111111111111111111111111111111111111111111100000000000000
1111111111111111111111111111111111111111111111111111111111111111111111111111110000000000000
1111111111111111111111111111111111111111111111111111111111111111111111111111111000000000000
1111111111111111111111111111111111111111111111111111111111111111111111111111111100000000000
1111111111111111111111111111111111111111111111111111111111111111111111111111111110000000000
1111111111111111111111111111111111111111111111111111111111111111111111111111111111000000000
1111111111111111111111111111111111111111111111111111111111111111111111111111111111100000000
1111111111111111111111111111111111111111111111111111111111111111111111111111111111110000000
1111111111111111111111111111111111111111111111111111111111111111111111111111111111111000000
1111111111111111111111111111111111111111111111111111111111111111111111111111111111111100000
1111111111111111111111111111111111111111111111111111111111111111111111111111111111111110000
1111111111111111111111111111111111111111111111111111111111111111111111111111111111111111000
1111111111111111111111111111111111111111111111111111111111111111111111111111111111111111100
47
48
32
28
56
49
46
41
30
54
44
59
55
49
45
49
34
45
49
59
52
40
38
64
46
44
40
49
50
48
41
55
45
46
41
54
53
49
40
51
53
37
47
44
41
33
34
40
57
39
64
45
40
44
39
35
28
41
50
57
42
47
42
53
52
52
47
44
34
39
53
41
38
40
45
64
46
61
58
47
54
63
45
47
54
53
52
39
52
42
48
56
44
46
33
48
54
39
35
55
