7
000000000000000000000
100000000000000000000
110000000000000000000
111000000000000000000
111100000000000000000
111110000000000000000
111111000000000000000
111111100000000000000
111111110000000000000
111111111000000000000
111111111100000000000
111111111110000000000
111111111111000000000
111111111111100000000
111111111111110000000
111111111111111000000
111111111111111100000
111111111111111110000
111111111111111111000
111111111111111111100
111111111111111111110
10
6
2
8
15
14
10
17
3
9
1
3
6
11
20
6
14
4
6
10
3
17
5
8
4
9
15
11
6
3
8
2
5
5
11
14
7
1
11
17
13
1
8
5
3
19
8
13
15
10
9
18
11
2
2
18
10
8
10
15
15
16
8
13
14
7
10
13
17
8
7
5
10
11
10
12
3
13
12
8
16
8
0
9
20
12
1
5
9
13
18
6
14
9
5
3
20
1
9
18
