6
000000000000000
100000000000000
110000000000000
100000000100000
111000000000000
110001000000000
110000100000000
110000000000100
100000000100001
111100000000000
111001000000000
111000010000000
111000000000001
110001000000100
110000100100000
110000100010000
110000100000001
110000000000110
111110000000000
111101000000000
111100001000000
111001100000000
111001010000000
111001000000100
111001000000001
111000011000000
111000010010000
111000010001000
111000010000001
110001000000110
110000100100001
110000100010100
110000100010010
111111000000000
111101100000000
111101001000000
111101000000100
111101000000010
111100001001000
111001100100000
111001100010000
111001100000001
111001010001000
111001010000100
111001010000010
111001000000110
111001000000101
111000011010000
111000010010100
111000010010010
111000010010001
111000010001001
110001000000111
110000100010011
111111100000000
111111000000100
111101110000000
111101101000000
111101100100000
111101100010000
111101100001000
111101100000001
111101001001000
111101001000100
111101001000010
111101000000011
111100001001010
111001100100001
111001100010100
68
68
68
68
44
44
22
68
68
49
68
68
68
46
68
68
17
52
19
68
16
15
40
68
44
27
68
26
68
35
68
10
68
34
68
64
68
68
68
43
19
35
13
68
68
68
23
68
2
68
44
59
68
22
68
68
68
68
68
68
68
23
68
34
59
34
68
68
68
46
68
34
25
68
68
10
65
68
62
31
50
32
35
57
59
23
68
28
68
28
15
17
34
31
47
59
2
68
68
68
