8
0000000000000000000000000000
1000000000000000000000000000
1100000000000000000000000000
1110000000000000000000000000
1111000000000000000000000000
1111100000000000000000000000
1111110000000000000000000000
1111111000000000000000000000
1111111100000000000000000000
1111111110000000000000000000
1111111111000000000000000000
1111111111100000000000000000
1111111111110000000000000000
1111111111111000000000000000
1111111111111100000000000000
1111111111111110000000000000
1111111111111111000000000000
1111111111111111100000000000
1111111111111111110000000000
1111111111111111111000000000
1111111111111111111100000000
1111111111111111111110000000
1111111111111111111111000000
1111111111111111111111100000
1111111111111111111111110000
1111111111111111111111111000
1111111111111111111111111100
1111111111111111111111111110
15
18
14
12
11
10
20
11
14
21
19
19
13
16
11
12
14
10
12
18
13
19
18
10
8
21
18
8
11
13
15
13
22
18
16
9
13
12
19
16
16
15
14
12
16
14
14
16
15
15
15
11
11
16
15
18
9
14
16
12
16
14
13
12
14
12
12
16
10
13
20
11
12
12
17
9
17
20
5
12
21
14
12
14
17
13
13
12
14
17
7
12
15
13
13
11
14
8
14
19
