6
000000000000000
100000000000000
110000000000000
100000000100000
111000000000000
110001000000000
110000100000000
110000000000100
100000000100001
111100000000000
111001000000000
111000010000000
111000000000001
110001000000100
110000100100000
110000100010000
110000100000001
110000000000110
111110000000000
111101000000000
111100001000000
111001100000000
111001010000000
111001000000100
111001000000001
111000011000000
111000010010000
111000010001000
111000010000001
110001000000110
110000100100001
110000100010100
110000100010010
111111000000000
111101100000000
111101001000000
111101000000100
111101000000010
111100001001000
111001100100000
111001100010000
111001100000001
40
41
20
16
36
34
41
29
41
22
41
21
37
41
41
41
41
41
35
5
13
11
15
22
23
32
41
41
28
35
41
11
41
41
38
41
41
41
27
41
2
28
41
41
2
41
30
41
41
37
11
41
32
7
41
4
41
41
10
40
41
37
7
41
41
21
41
41
41
41
15
41
11
41
19
20
34
24
24
41
41
11
4
32
7
41
21
41
27
40
41
41
4
41
23
41
23
41
15
4
